[1.37039841e+02 2.12118034e+02 9.61162004e+01 2.11180934e+02
 1.27009116e+01 5.39112236e+02 6.10285392e+03 3.00109498e+03
 5.41983169e+03 1.05524588e+01 4.21589036e+03 1.09575163e-01
 3.49749305e+04 1.45183160e+01 9.11404992e+00 1.76860187e+03
 1.15255858e+04 1.03571313e+02 1.96357370e+02 2.68834748e+01
 1.43867753e+04 8.47989702e+02 1.62769703e+03 1.18598892e+00
 5.28007322e+02 1.57955450e+01 2.09862952e+04 5.82077378e-01
 2.48098326e+04 8.03991757e+00 2.58965373e+00 7.83822383e+02
 5.38931581e+03 7.30157114e+02 2.67745614e+01 3.06353943e+01
 2.28130205e+04 6.20951618e+00 7.23554835e+00 2.04663339e-01
 2.21883663e+01 1.77889033e+03 3.33198574e+04 1.72555842e+01
 1.30968462e+01 2.50331235e+00 5.47091164e+04 6.25561870e+00
 3.23286153e+01 1.62368819e+03 1.02037924e+03 3.24522035e+02
 2.19377173e+01 4.87909075e+00 3.95458041e+02 4.57180194e+01
 1.51276134e+01 6.41184257e-01 3.65470137e+02 8.75043730e+00
 1.76921565e+03 1.90551769e+00 3.15993289e+02 5.46250801e+02
 1.62384846e+00 2.08698304e+01 9.52172807e+00 1.45029644e+02
 7.69342370e-03 4.69965009e+01 1.36704511e+02 1.09482577e+01
 1.28628313e+01 1.05341113e+02 3.08506246e+01 1.62147655e+01
 2.50212652e+02 1.42175730e+00 5.33378874e+01 5.38433939e+01
 8.74816321e+01 3.47843160e+01 3.51509833e+03 7.30391045e+01
 2.11862939e+02 1.18602094e+02 6.56836767e+01 2.13976848e+01
 4.36499043e+04 1.06743384e+03 1.29734068e+02 1.28784712e+02
 7.78726735e+00 4.97437439e-02 7.58523856e+02 2.14880250e+02
 8.46482942e+01 2.83449258e+00 2.14658946e+04 2.32201505e+00
 1.52014247e+04 1.77246553e+02 1.21842371e+01 1.56290429e+01
 1.55800791e+02 1.00530627e+02 5.00792112e-03 1.43991523e+02
 5.32364979e+01 3.68856473e+00 5.01436540e+01 5.31133055e+01
 2.05803966e+00 5.05492941e+01 3.83320315e+01 6.67824279e+00
 4.04500915e+01 3.13985737e+02 6.99201359e+02 1.14336692e+01
 1.72650097e+02 1.27775127e+02 1.42896716e+01 1.39781835e+01
 3.78166853e+03 1.62636154e+01 6.29032086e+01 7.75723174e+01]