[[5322.50654901 5350.16502635 5376.40878855 5397.01282454 5423.22602644
  5444.08784041 5461.70868641 5473.09554173 5482.4053344  5491.42548435
  5502.08532262 5519.4878167  5543.62600095 5568.19683285 5592.60359878
  5614.72309064 5631.30308732 5644.37480296 5658.73108751 5671.78924986
  5677.66281797 5677.68085006]
 [5301.60820675 5330.50317464 5349.33981219 5369.29642686 5394.63841644
  5416.18315953 5435.97211918 5451.02061947 5462.93002642 5472.56760201
  5485.00579659 5499.97376274 5519.77644999 5547.11603455 5569.66915828
  5593.07996081 5611.62564049 5632.22371846 5654.12383037 5671.97646591
  5681.94618671 5684.82104851]
 [5280.07041657 5301.17051143 5318.43802415 5335.97459312 5361.7591628
  5385.77139565 5407.07732278 5426.00762174 5436.55351099 5448.2435045
  5457.15085445 5468.23331092 5483.30000588 5507.40527626 5528.38533855
  5550.86801924 5575.7005633  5606.75413287 5636.85576294 5663.14494706
  5680.22216685 5687.65722844]
 [5260.78785992 5276.54245539 5288.66998882 5305.98168238 5334.31538992
  5359.9735806  5380.84668005 5399.06868556 5408.54881899 5417.60496013
  5422.84942424 5428.37088828 5440.24264138 5460.40871916 5478.64758949
  5499.89156347 5528.8208446  5563.78274271 5606.81361216 5644.84259116
  5671.76987441 5685.56008893]
 [5241.58643157 5252.08319263 5263.53439166 5285.28025904 5315.74750274
  5343.51339554 5364.5689759  5382.78038239 5390.41602389 5393.18563399
  5392.84236847 5395.86297489 5404.70294644 5422.33024001 5440.14660686
  5453.9650572  5485.78793869 5519.41397096 5569.19947862 5616.04153945
  5656.20548544 5677.42651492]
 [5221.32278436 5232.11729915 5242.36845888 5270.24508538 5305.20302465
  5339.32718652 5361.67627127 5376.99876008 5383.6024228  5386.36075291
  5384.90622359 5382.829926   5391.35397738 5403.88909857 5415.47926597
  5427.13265559 5451.1766727  5483.80877843 5533.75736348 5592.57987631
  5633.89648936 5659.33658256]
 [5205.70922709 5217.88667875 5232.82936433 5264.03229535 5303.32528444
  5340.10640536 5365.97126409 5383.96220541 5391.06862461 5394.87748829
  5394.73945694 5394.16945902 5398.27024746 5406.36321902 5414.21386093
  5425.19762522 5426.06545143 5463.25787223 5516.09593348 5568.00221335
  5614.67213838 5644.72026413]
 [5203.78293598 5210.65298493 5232.52954102 5266.85621611 5308.91052654
  5346.68821688 5375.58308791 5395.84410878 5406.39422866 5410.85881116
  5412.93365038 5418.05131052 5419.70190339 5417.73396043 5419.8420211
  5421.54044394 5427.56107485 5453.75334031 5500.12979405 5550.94316626
  5595.54107409 5634.81588535]
 [5208.57648419 5220.33897688 5243.86250308 5281.41298703 5320.84032313
  5357.69985638 5387.31403962 5409.72098077 5424.35291382 5431.70699058
  5434.67322457 5440.36985231 5439.83738785 5434.82727166 5430.69219922
  5428.06360757 5423.85069271 5448.59140548 5488.84929256 5535.8852284
  5576.22052878 5622.99576081]
 [5215.52768708 5237.12197264 5256.27008028 5295.4786764  5334.40069799
  5366.72335401 5399.72932057 5428.14092945 5447.39269429 5455.33214406
  5459.20294338 5456.99052349 5449.36858149 5441.70908184 5430.77908988
  5422.57113364 5418.14743484 5436.71088329 5474.19383739 5518.54252977
  5559.11211881 5614.74470698]
 [5217.96486942 5240.76257683 5269.28749774 5307.57491694 5341.59302951
  5376.55275588 5414.45477548 5450.66855692 5473.46751181 5481.19140197
  5483.55534104 5478.23042415 5467.11806587 5454.37124436 5441.02112255
  5423.12233557 5411.98708148 5421.84001996 5455.18048459 5499.37648787
  5545.03316387 5611.75241993]
 [5210.29448579 5235.66545016 5266.36638466 5311.21765845 5353.04656833
  5394.35635862 5437.53758784 5475.68197663 5499.21075925 5507.18598337
  5511.13529521 5504.65086067 5493.94244611 5478.84587477 5460.54526307
  5435.1088037  5415.89729565 5420.14275386 5444.47193477 5494.36919663
  5545.84527193 5611.03554562]
 [5192.46764254 5216.79289635 5262.6275236  5320.94772703 5377.00536331
  5423.24008117 5463.4211998  5500.59999603 5522.30650157 5532.77185222
  5540.45942831 5535.7697311  5526.8312918  5515.50041608 5496.72779958
  5470.11110673 5447.22263131 5443.25354974 5465.74351016 5513.45470169
  5564.70104614 5613.98692575]
 [5160.58814702 5211.41474277 5277.04507546 5342.05790998 5406.29533847
  5448.47815785 5481.57323629 5515.20843778 5541.78813561 5557.75832296
  5565.68042729 5572.86159539 5570.08761523 5561.32461665 5547.3869001
  5522.34394596 5501.44071141 5489.7315235  5508.84758301 5553.22302398
  5608.44075569 5658.47576508]
 [5138.2679713  5205.0099302  5295.77258346 5370.64875713 5424.84724944
  5462.04422796 5489.23011639 5522.7321339  5554.28407775 5579.39092482
  5596.39876438 5603.67571498 5606.89617508 5607.02041305 5600.637506
  5582.53940235 5562.52951449 5554.79947861 5570.25870174 5614.40202837
  5662.94925917 5710.81533103]
 [5140.48525385 5216.33818529 5318.03249635 5388.36205417 5435.21002851
  5467.57527678 5494.60864018 5528.83254131 5567.26321609 5599.46920014
  5622.15219641 5635.99688206 5642.03903161 5645.41789908 5643.06653628
  5640.29092803 5630.90659908 5628.96569757 5648.80045298 5683.55441232
  5727.46101317 5770.02752346]
 [5175.18645445 5257.7475569  5347.93614296 5411.75713644 5448.26498225
  5479.02676862 5511.08864989 5545.95770242 5581.41044559 5615.14184279
  5640.6223132  5662.075807   5671.28076608 5682.51430727 5689.3558013
  5690.05255187 5692.33692942 5697.76141324 5717.7772511  5746.79988334
  5784.85001099 5820.79880544]
 [5221.36340046 5304.17716429 5380.79435875 5432.44345726 5468.73983318
  5501.52302718 5538.90576846 5571.49637962 5600.85788507 5632.39884182
  5657.95362258 5679.85425197 5695.59566948 5712.08732669 5726.59495714
  5737.7183564  5746.90504836 5754.65385103 5772.21237684 5796.41760113
  5826.1896691  5854.36370444]
 [5263.94974195 5343.16294532 5408.04148457 5455.24133263 5488.94099455
  5532.10946838 5570.85285708 5597.81432204 5622.84657242 5648.90344765
  5674.52793263 5699.50300562 5716.35049052 5736.35780584 5753.65624143
  5773.11622313 5787.09799948 5799.5172672  5810.82107683 5827.6215653
  5850.52843253 5870.77237663]
 [5294.48800256 5370.58109297 5434.60825198 5470.80666455 5519.9253149
  5561.927954   5595.44726409 5621.40665292 5646.6470489  5672.31614817
  5696.42187327 5718.68501077 5736.42218694 5757.50888387 5777.42111187
  5794.98479159 5812.33141076 5828.51541975 5835.58111381 5845.67524298
  5856.66627649 5873.6820477 ]
 [5316.23832457 5396.91507887 5436.27462033 5501.13042134 5550.96632519
  5587.10678474 5615.97355895 5643.07430612 5668.89852312 5693.53404138
  5716.58921845 5736.34399074 5758.94447345 5777.64255879 5797.1999254
  5816.02941667 5831.34384429 5843.45025106 5849.39541465 5850.60498501
  5858.97732471 5868.94013359]
 [5323.40056442 5407.70585387 5460.40133028 5527.80043195 5577.53185993
  5609.11970126 5638.07652952 5661.78891417 5686.70319823 5709.64536432
  5732.35227553 5753.98848325 5777.62359483 5793.99412276 5812.69512809
  5831.86599274 5846.0985292  5857.25247352 5861.83305751 5861.6738005
  5860.70028876 5860.6326445 ]
 [5333.37342594 5410.96948325 5483.93986863 5542.61308341 5593.18186916
  5626.26594576 5655.83178989 5678.41340984 5700.46504435 5722.58643238
  5745.39661861 5765.90191455 5788.59865938 5806.30413786 5822.57105982
  5839.48576986 5853.71045988 5865.71520214 5872.09928941 5871.92939984
  5864.9596105  5865.51012945]
 [5346.34098282 5430.58522627 5498.0290615  5557.58082595 5603.63656426
  5635.66841419 5665.58620502 5691.4366967  5710.26727132 5732.89868266
  5755.11873212 5774.27934115 5793.60093347 5810.6739936  5827.37869964
  5841.87746546 5856.56564538 5867.46208158 5877.44750998 5873.55535313
  5872.04087632 5867.39271609]
 [5370.31655399 5453.14084734 5513.51821117 5563.533207   5605.69784857
  5637.19910766 5667.84599142 5694.07905487 5715.76803472 5740.17725508
  5760.71819582 5779.18955847 5796.72954437 5812.02700938 5828.26480827
  5841.89735213 5855.97573274 5867.86621351 5876.44745034 5877.10766328
  5876.86450902 5876.1983919 ]
 [5410.49963432 5470.33226552 5523.07453823 5565.43060675 5598.13120738
  5631.64751538 5662.50124218 5690.76514343 5714.84379316 5744.74569664
  5764.89041463 5781.89417016 5798.05467351 5811.76541193 5828.04702698
  5845.54132219 5859.90308706 5870.59124671 5878.54790385 5880.53647469
  5879.35490182 5876.28573207]
 [5443.46168322 5491.0349782  5533.40692488 5570.68635991 5591.71168098
  5624.90337512 5655.22156101 5686.16877167 5711.81825023 5741.68709717
  5766.3972862  5782.63334889 5796.00426046 5814.47978351 5832.06448461
  5853.51254734 5867.30201776 5876.65675927 5881.19122247 5881.440967
  5879.0987955  5876.08648065]
 [5477.52330486 5509.6396229  5541.65592974 5571.95858034 5576.80660458
  5605.7365353  5633.51345962 5664.17094474 5695.51766036 5726.31348336
  5755.50647831 5782.77401632 5802.71295854 5818.6158568  5846.48458958
  5864.19076973 5877.26783827 5884.01638257 5886.00355772 5884.58677426
  5881.20285054 5877.55313189]]