[[5328.26719257 5344.77450244 5376.85648286 5405.95259095 5425.06811746
  5450.51732889 5463.82550742 5470.66046236 5477.12975262 5480.00379189
  5484.64160361 5501.99141623 5526.64586114 5552.32775094 5580.50564594
  5602.55728827 5627.76140248 5633.19433827 5645.68349867 5654.22391303
  5647.22771268 5650.29757581]
 [5298.10961214 5320.47712575 5334.4898815  5371.55320727 5398.8128629
  5414.08728144 5432.25647402 5460.56492139 5468.77054335 5471.36302063
  5478.90932298 5494.84696898 5518.43766757 5542.4006672  5569.14607654
  5586.09371139 5609.94924698 5629.8249914  5646.48432954 5645.1577007
  5653.74055619 5656.13794292]
 [5266.64499918 5284.65542846 5310.85904959 5326.78651553 5351.73377785
  5380.72922832 5408.34967544 5434.03590031 5453.41246742 5458.92400354
  5465.67519118 5479.31760829 5500.60581775 5512.86873573 5525.90874642
  5552.23840952 5580.10584593 5617.39425493 5627.99740345 5647.90585336
  5657.70760987 5660.29120937]
 [5255.0814264  5269.1663619  5285.65540511 5307.98803169 5333.87567548
  5362.78206701 5383.27604022 5392.74272801 5415.01539088 5422.66306239
  5429.26789619 5429.56414805 5448.38045122 5448.84864406 5477.57769168
  5510.50231941 5541.83496668 5551.1936658  5619.95065174 5643.63395676
  5655.89021845 5659.54264903]
 [5236.86253237 5252.04737131 5263.84419489 5285.24644    5321.74713096
  5350.94945695 5370.42526063 5380.95645173 5388.90280807 5392.79425256
  5392.43854857 5393.23780702 5397.29212274 5407.04990699 5441.15106622
  5464.23539099 5475.63203801 5514.11146471 5571.08400128 5629.46701162
  5644.2802643  5649.35128893]
 [5221.06216599 5232.81026986 5244.31855315 5267.45917526 5307.69340615
  5344.93116936 5365.66765759 5374.94278814 5379.88270903 5386.31511601
  5391.35309385 5383.07724515 5385.31604845 5393.18296025 5409.61367581
  5435.61048848 5442.96559046 5473.29356971 5534.70105648 5583.54148202
  5622.71947205 5628.42575694]
 [5197.58766572 5219.86035883 5232.33437946 5261.03684232 5300.90439494
  5339.41714195 5366.76360275 5382.92247332 5387.70524176 5394.02915524
  5398.3635996  5391.65315345 5400.96625616 5409.48545595 5416.37723163
  5430.33569846 5433.63712288 5461.31530394 5491.06685638 5573.53625597
  5589.16379501 5596.59066528]
 [5198.27036135 5210.65632965 5231.99533877 5263.26136357 5305.29590885
  5348.25214685 5375.29922611 5395.65832701 5405.68962732 5412.10808333
  5416.04124603 5420.17254947 5426.02802419 5428.0029249  5427.92916692
  5433.98430436 5436.01225347 5457.87706398 5504.3307553  5564.69054926
  5579.46193544 5586.52109296]
 [5197.30623934 5212.65215364 5239.77750385 5277.95102889 5317.16561286
  5358.45886292 5386.9213225  5409.95458845 5424.44860444 5431.88503454
  5436.03616491 5438.40589433 5439.60328157 5437.97442963 5430.35434014
  5431.64640467 5434.5386044  5440.59232618 5503.70902566 5556.5408852
  5571.24554466 5578.8705143 ]
 [5207.36793024 5227.29317766 5261.97508873 5299.73674073 5336.90974433
  5367.75541608 5396.55477527 5426.08137224 5448.23670718 5457.84509551
  5461.09100107 5461.40184786 5456.21743462 5442.74444612 5434.66455117
  5434.42234025 5422.48396649 5429.50981415 5464.48935272 5529.33284806
  5545.24887619 5556.73526899]
 [5211.6651851  5231.47762991 5263.60352431 5302.08921651 5342.14890202
  5377.8728674  5412.58655315 5447.30342215 5474.50824939 5483.3410153
  5484.12259918 5480.73984519 5474.53935283 5452.78050753 5446.66765301
  5444.55599087 5424.65650098 5418.09801291 5462.51955892 5500.19539235
  5533.02943173 5550.47495398]
 [5216.47464114 5235.90247698 5265.11379247 5306.25644103 5353.59424406
  5394.31962711 5435.97056067 5477.83472435 5501.86333116 5510.76105271
  5505.4219507  5499.14627614 5493.17666521 5474.31932807 5456.47767489
  5464.31310159 5407.92815953 5416.18769457 5477.36799587 5503.54996824
  5531.23864708 5560.76063777]
 [5219.03681712 5241.48284514 5274.27328011 5324.74091191 5377.87272953
  5422.26170547 5461.71599513 5497.43851788 5527.06715742 5536.5769837
  5539.87829076 5532.30012801 5535.80891258 5521.30267302 5491.08068365
  5473.35965126 5444.24180176 5435.36230928 5463.81437236 5519.92748719
  5554.33817503 5616.0169358 ]
 [5162.71310582 5203.67452465 5291.28596859 5352.82843842 5409.32037465
  5447.97131001 5480.2137038  5509.21372323 5538.81184195 5562.5834208
  5569.05566989 5566.77412789 5570.35786694 5566.25859112 5553.87775138
  5523.58815    5494.07980399 5478.41934507 5505.80164652 5560.85655797
  5629.01315975 5657.17407013]
 [5134.26199269 5189.45748987 5317.15100413 5385.56611627 5432.04749491
  5462.6683482  5492.10285272 5522.75428303 5555.68883378 5585.70751232
  5593.23168716 5598.32118472 5601.47581743 5607.73184964 5607.43660548
  5584.49317082 5579.7753651  5585.62493821 5580.85752256 5616.38796051
  5671.13603846 5696.71606336]
 [5121.18780281 5197.72678695 5298.07807812 5408.6068182  5446.53033868
  5473.09267204 5506.08049126 5541.38099889 5580.64634099 5598.94213453
  5626.8579929  5631.523794   5636.76082851 5645.01065401 5648.45190621
  5623.65921027 5626.90185239 5632.75894207 5648.74068047 5676.27414195
  5712.79586422 5734.82237882]
 [5161.97756912 5233.51025309 5320.08080245 5419.08883578 5457.1341792
  5492.04040415 5529.94946192 5554.47799726 5585.35118345 5609.88884372
  5650.72461334 5662.97727285 5672.06193276 5683.13208913 5694.0245948
  5686.06422807 5672.90036909 5697.813078   5705.5612087  5749.55678659
  5809.98043382 5829.86518452]
 [5218.65608347 5329.13261437 5384.97087936 5434.30650628 5475.15246603
  5514.04731002 5545.26761536 5575.20581467 5596.4642517  5625.55475141
  5670.48630061 5684.08699024 5693.39142662 5714.54128217 5730.40217177
  5740.31957201 5749.36435023 5767.82945684 5777.04442632 5792.89691602
  5835.07910002 5850.24517686]
 [5278.7101677  5352.25869194 5402.85871634 5454.01034157 5498.54361301
  5542.37546877 5569.11437255 5597.32018302 5628.66912192 5643.75521125
  5680.87432742 5694.9918178  5710.50301535 5736.84051801 5752.61080726
  5768.39393102 5777.70347089 5795.29451931 5807.56796183 5816.83279885
  5841.52431217 5857.6431843 ]
 [5309.59980655 5376.30002873 5428.36310821 5472.93008465 5528.00453239
  5562.0351312  5593.85321457 5622.71491004 5650.29510126 5678.93558178
  5699.42448438 5714.59500549 5733.55893388 5757.94620613 5773.46064169
  5797.2813331  5813.09874887 5825.27890368 5831.15484452 5835.02396927
  5845.76990802 5853.75662649]
 [5320.45709163 5371.50125253 5451.95340953 5505.47611549 5555.14725297
  5584.65869497 5618.76035315 5639.09253447 5670.89167619 5696.13512739
  5716.71018545 5738.47471567 5759.61389211 5778.73686053 5793.75408697
  5819.07574242 5836.06481994 5843.56061831 5847.49923709 5848.97565194
  5846.69889622 5842.48613831]
 [5326.57367135 5374.52305992 5454.74245455 5528.81429578 5573.07256936
  5610.6756244  5646.73710946 5662.29864728 5692.73702416 5709.4853652
  5731.42280919 5753.51714568 5775.70024025 5795.89263812 5809.0865448
  5819.41225878 5850.40058362 5856.90896848 5858.89562445 5859.51309454
  5855.69056195 5849.20960604]
 [5336.55559442 5406.91466924 5484.32864836 5550.75790397 5581.85930213
  5625.58229867 5657.37497695 5674.21197943 5701.47400455 5719.85137933
  5741.28130424 5765.10486573 5788.50579314 5804.14558252 5820.52253922
  5831.16992588 5847.27162728 5865.04550809 5869.13443329 5869.07309532
  5865.39740335 5859.45250339]
 [5366.65616114 5437.20635947 5513.424419   5556.69468564 5602.32139401
  5645.52101609 5671.1184796  5687.31899962 5713.15211672 5734.88037377
  5754.24643697 5774.93041384 5797.19927533 5807.81821628 5826.83581262
  5846.02893574 5857.89241017 5863.03141794 5865.36152724 5876.37050545
  5876.60118832 5875.318915  ]
 [5347.21704633 5475.56136247 5519.78183836 5557.91932904 5596.25945898
  5646.29338462 5668.75780964 5688.82021988 5715.7910563  5738.7709188
  5761.39377543 5781.21004116 5796.01761737 5809.71803958 5826.27072339
  5836.91374646 5857.45927697 5867.89749824 5871.70986468 5871.63495039
  5874.12022976 5876.25031709]
 [5407.36078024 5492.53849734 5521.41912053 5556.13140704 5599.81319329
  5634.37093227 5658.76721747 5688.25581686 5716.99729186 5742.99694795
  5764.11997333 5783.92709174 5797.68959536 5813.26622986 5829.24521526
  5842.17181709 5856.09945461 5867.67242866 5874.05139151 5877.47467762
  5879.82635861 5880.78826944]
 [5442.19532623 5499.40836807 5526.55258748 5554.67975283 5592.04270128
  5627.61583133 5654.69210014 5686.31757827 5717.54508972 5746.18165518
  5767.92219346 5785.4346089  5801.4253573  5819.17017031 5834.3099854
  5848.74794478 5864.26902069 5878.68225813 5878.81514196 5881.5578709
  5882.62813043 5882.68685285]
 [5474.63692171 5502.81458305 5523.63844421 5549.82897696 5584.77163226
  5619.87073816 5649.33997362 5679.87318829 5715.10705264 5746.04152661
  5769.04642762 5787.38298861 5804.24249748 5824.55001114 5841.76895517
  5870.9334056  5882.04869264 5888.21160227 5882.37131066 5883.82510838
  5884.07829633 5883.63027299]]