[[5317.9613752  5342.93445975 5368.29996444 5397.72136996 5423.57863269
  5444.26553901 5460.52042293 5473.03138905 5480.94357993 5481.80314131
  5491.17646318 5506.87431972 5528.22517878 5564.78592949 5591.99371782
  5614.05584932 5628.64243765 5640.76226076 5652.62428028 5674.70617645
  5679.53362086 5678.28931793]
 [5296.65726257 5317.16347491 5345.67785881 5369.25445557 5393.86668588
  5416.35610014 5435.82454567 5451.99024168 5466.03695569 5473.21269471
  5481.67806265 5500.09092679 5518.20491868 5544.77770028 5569.30279187
  5591.03602772 5610.83868391 5632.33383392 5658.2277532  5675.61087457
  5684.0880021  5685.13947799]
 [5280.35566674 5290.64855736 5313.90056002 5335.69249926 5359.37315721
  5383.5150267  5405.51476485 5426.06818863 5441.00344198 5452.13963384
  5460.87797055 5470.0974554  5487.67444327 5511.84897091 5531.87776142
  5552.3107057  5578.82660916 5607.76963105 5641.13828965 5666.53742809
  5681.42012996 5686.94885307]
 [5251.98999721 5266.82703246 5283.98088727 5306.64772251 5333.96762818
  5360.76481421 5385.07397157 5399.93939112 5411.05136114 5423.48852024
  5426.16953828 5433.15408772 5445.37574423 5463.77228907 5486.56454706
  5504.25443456 5532.21182666 5568.2922436  5611.12229326 5645.86680292
  5674.61343436 5691.05245613]
 [5252.22053189 5248.18480268 5264.21127927 5287.34243825 5318.23958923
  5348.07366699 5367.98768471 5380.80756995 5392.7060606  5396.57504789
  5396.53710095 5397.34202846 5402.80033533 5415.96555129 5439.55241686
  5454.404713   5479.95850722 5521.71183522 5569.0056781  5618.51362314
  5658.26944388 5649.51049108]
 [5213.07592092 5228.88967431 5245.20250622 5270.80148957 5306.54112012
  5340.68709288 5363.14938843 5374.70308347 5383.03905182 5386.78506693
  5385.16771941 5384.22589693 5390.13397506 5401.5044172  5422.11760835
  5429.71899305 5446.0304236  5480.92244348 5536.39681997 5585.98812116
  5623.2259019  5628.94958743]
 [5198.08398212 5215.77102827 5233.03439985 5260.81549584 5300.68734863
  5339.60186021 5367.09227921 5381.27635818 5390.36614709 5394.67437816
  5393.21836431 5394.15720871 5397.74502439 5405.45344237 5413.34810433
  5417.31858094 5437.20365366 5460.88642925 5507.35295931 5570.72934783
  5607.35171059 5629.59786994]
 [5191.53670661 5211.46337699 5230.94343641 5263.24233839 5305.13745771
  5343.98557351 5374.1093736  5395.26601869 5405.94418308 5410.43340281
  5414.94968802 5420.44462568 5417.17690481 5420.63130986 5420.95610703
  5422.73220577 5435.82835638 5458.54995148 5505.06989538 5550.8157273
  5586.75382198 5609.87390888]
 [5194.26476974 5213.61186154 5239.13972084 5277.45040863 5319.30137665
  5355.11989353 5385.69522871 5409.26143762 5425.15570002 5432.31274
  5436.7373493  5438.97140135 5440.14811184 5433.73257285 5430.03772938
  5431.66804811 5428.02165215 5447.80332172 5488.68026707 5537.88710831
  5572.64259699 5595.91254038]
 [5202.75745629 5221.16301054 5251.41162298 5292.3003654  5332.56310929
  5367.5898539  5397.01727449 5426.84418746 5447.15196055 5457.24672107
  5460.08477051 5459.83744314 5453.37702604 5442.2816475  5433.9051798
  5425.57923022 5422.43564547 5434.5495109  5477.057749   5517.85105474
  5551.39130056 5575.95629314]
 [5212.52639869 5228.70822398 5258.44150585 5299.72354556 5340.77239742
  5376.59903748 5413.02326732 5449.759385   5475.84200701 5482.90492622
  5483.31509115 5480.11576135 5467.03049436 5454.13711909 5442.79708405
  5443.10223648 5425.06573749 5422.82208493 5456.3774225  5501.7551772
  5538.22068487 5549.72562263]
 [5207.61771866 5233.28614654 5264.6358292  5306.46376258 5351.05111967
  5394.22989459 5437.22679419 5473.20625722 5495.75738142 5510.08425629
  5508.6559221  5505.96888196 5491.49406689 5481.04818447 5465.88956005
  5465.77733648 5417.30450531 5418.41089413 5452.67761858 5496.88375002
  5541.23732809 5581.86105708]
 [5185.87712207 5221.71637584 5273.65654169 5320.5967553  5375.42333985
  5422.13231326 5462.46024946 5493.71099277 5518.32016425 5535.99820235
  5537.71476336 5539.86585281 5536.82825863 5519.78374186 5501.95763201
  5467.47119153 5449.39486965 5444.11388115 5469.36725751 5519.45071887
  5571.37800775 5619.10678168]
 [5160.53662507 5204.17439765 5266.81389527 5352.63655634 5407.57831679
  5447.41127544 5479.30641079 5512.4592286  5537.3839535  5556.98091023
  5565.62788522 5571.04486123 5570.39883674 5565.35613346 5555.56124855
  5525.92146481 5497.7754746  5491.23352188 5508.65349611 5555.68439847
  5611.99561704 5643.23174395]
 [5124.66257972 5194.33004352 5281.91715548 5386.3638077  5431.74005206
  5463.04656845 5490.36269783 5525.03818022 5553.96241544 5581.03266012
  5596.21333786 5601.19176181 5605.2576995  5600.6996076  5597.37562817
  5585.81793878 5562.57822996 5553.29114319 5573.64082711 5617.70991165
  5667.06638212 5704.47646808]
 [5134.48310055 5198.33662016 5285.5113987  5385.5712849  5445.70188608
  5472.20332993 5496.78098999 5532.5776277  5565.87079048 5599.63099624
  5621.26147807 5633.54174157 5639.05106878 5645.97131962 5644.16097662
  5635.5087831  5626.72745462 5632.95614147 5638.46227801 5676.31415889
  5738.19209452 5766.35370783]
 [5165.32410019 5246.12812739 5319.24285907 5395.4741486  5455.25641004
  5486.44343579 5516.29401441 5549.64076465 5580.91461501 5614.37619018
  5645.11564579 5660.28131743 5671.53088615 5682.63279233 5693.68934455
  5688.21547597 5692.78087253 5697.20798108 5706.47925907 5751.87972394
  5796.28852158 5821.41380483]
 [5212.08618096 5293.82858089 5359.57669475 5433.65250696 5471.09227658
  5509.50937873 5547.55621146 5571.70519712 5596.64212828 5625.00384825
  5654.68369175 5681.70313947 5697.42861317 5713.73836688 5729.10375954
  5741.67861165 5754.99128096 5755.39938423 5763.09917548 5771.49769549
  5830.88790798 5853.97874535]
 [5264.69004289 5342.93164486 5400.46827014 5449.88220964 5495.51191591
  5537.53061509 5572.82929274 5596.78377309 5622.57090476 5649.41496597
  5665.96845914 5698.03028669 5714.06447637 5734.81577646 5753.5299951
  5767.06341298 5782.57177848 5800.33304316 5808.46881436 5825.80154886
  5845.5582553  5863.85047663]
 [5296.90550062 5367.74891272 5412.94188396 5477.03655402 5526.63630073
  5565.60899524 5592.74623136 5621.60691718 5647.34558633 5671.68321483
  5697.64371184 5717.4637553  5734.96467341 5756.43829395 5775.53669213
  5797.02083425 5813.41052178 5825.0357733  5831.30147139 5835.24908738
  5850.92813887 5864.83555069]
 [5305.05038751 5376.90577301 5429.90049467 5509.02616971 5553.10618462
  5584.65910885 5614.39144614 5641.84331526 5669.14716219 5695.90201012
  5716.66559867 5736.6059044  5758.72886862 5778.7196249  5793.93272009
  5816.6575234  5831.86822668 5843.79688123 5848.17745993 5848.52548058
  5851.08279753 5868.85520584]
 [5318.75710274 5389.9187397  5461.92738213 5524.58407091 5568.33733419
  5609.43667103 5636.0730383  5665.18319839 5686.18271141 5710.40570377
  5732.21278446 5754.64540007 5775.44433348 5794.85967515 5810.11750138
  5829.92664655 5843.9456309  5856.24028001 5858.88857168 5857.33890782
  5856.26094323 5869.34367784]
 [5325.46484899 5408.5638458  5476.66653428 5543.4319028  5583.95582911
  5625.97086623 5656.67878161 5679.28300351 5698.7433701  5722.77249402
  5742.58457566 5767.22658085 5788.18942669 5808.55474436 5822.07070602
  5837.50397293 5854.27096796 5865.09168398 5866.85772247 5866.14159825
  5862.25088492 5857.97409198]
 [5347.42771797 5435.01337223 5500.98113429 5561.17518613 5606.39360747
  5638.04841948 5667.74419166 5689.74639615 5711.28241699 5732.84236229
  5754.30806382 5774.83108688 5793.36239241 5812.28431011 5825.44530134
  5842.78543549 5856.9882159  5868.40853827 5878.37164754 5876.58529834
  5876.63950039 5875.95192528]
 [5377.78880032 5462.00439081 5513.82088244 5559.34352425 5600.88641596
  5636.88728763 5664.83871759 5692.12044462 5716.00637722 5739.72275275
  5760.51873232 5779.19541809 5796.02443964 5813.32687411 5827.07139617
  5844.45222638 5858.15995793 5870.47318889 5878.98921466 5876.07036625
  5878.02898288 5869.39971965]
 [5406.60479423 5471.23353899 5526.24695798 5559.52480073 5596.39318077
  5629.94005861 5661.22817968 5683.61942296 5717.15904941 5742.84154517
  5764.35170565 5782.26588949 5797.96552218 5815.30947023 5826.75517179
  5841.61747138 5857.48859846 5870.80593393 5872.02128586 5873.51168553
  5873.724862   5873.65393627]
 [5439.66239416 5491.26277969 5526.40745814 5562.51566867 5590.60554567
  5622.73339441 5646.15198999 5675.45223971 5716.89489175 5745.06331344
  5766.29193149 5782.66967558 5798.40605918 5819.73128385 5835.82867119
  5851.66259376 5867.7557628  5878.64438533 5879.86999599 5879.14492049
  5877.44422655 5875.93557886]
 [5473.67815851 5511.08639165 5528.42438958 5559.93644356 5594.94872534
  5626.70931316 5636.73223969 5667.28881383 5714.76441685 5744.11454884
  5765.7129761  5782.66431916 5804.42253057 5825.04991226 5849.68689245
  5865.86506562 5878.26422208 5887.47608964 5886.33769569 5883.10605311
  5879.48197993 5876.65604839]]