[[  4.32313789  15.22651539  23.3773292   21.96938349  25.94840792
   27.08889793  26.95209415  23.14977149  21.03157436  21.21535182
   22.79243127  29.09447637  39.62998867  47.23332246  51.53502478
   53.98656529  53.90704521  51.42006066  49.45329413  48.40409814
   45.56190258  41.32330718]
 [ -3.36070012   7.86000924   8.9777662    8.00588196  10.89937918
   11.1755154   11.30444053   9.04586165   7.72707436   7.79477138
   11.50820281  16.53250373  24.49678635  37.20717678  41.98580861
   46.32947234  45.75109901  45.86699937  47.22210579  49.63715002
   50.85551205  49.43342828]
 [-10.69622581  -5.43147267  -4.28449021  -6.73917702  -4.16620162
   -2.91509507  -2.50185952  -2.34797902  -6.36942239  -4.48304506
   -3.47424456  -0.79236755   4.53166687  16.52977562  22.01870355
   25.726354    28.16193613  32.87502891  37.6732067   46.08412692
   52.9952947   55.17301278]
 [-17.96403652 -14.20563914 -16.01588626 -18.23526135 -14.03669295
  -11.74480485 -11.04781582 -10.74572873 -15.46059606 -15.62602264
  -17.18892603 -18.55336753 -14.68328655  -4.79939084  -0.52115574
    1.85205279   5.29092632   8.9034454   22.21525932  38.91942682
   53.02141041  59.79430091]
 [-23.88104023 -21.88372561 -22.83006815 -21.3438671  -17.30901103
  -14.23057015 -12.34758092 -10.18354122 -15.41496497 -20.91410551
  -26.96081334 -29.62555067 -27.68993606 -19.11499653 -13.87574145
  -18.36307813 -13.04607555 -12.42059413   5.69810718  28.49098033
   53.10348649  65.43127655]
 [-27.59092519 -24.76644848 -26.66783689 -20.66247761 -15.97580725
   -9.91044239  -8.02753468  -8.94603651 -14.89003444 -19.6567748
  -25.71664555 -32.26087502 -29.32385264 -24.00667467 -22.63864861
  -27.15119527 -27.98487592 -26.50398711  -6.77314828  27.98451835
   52.85166659  68.57488717]
 [-28.78921815 -26.47338334 -24.6478197  -17.22713766 -11.97292646
   -7.3331477   -5.34956086  -6.05331054 -12.21338275 -15.62844
  -19.72467837 -23.59470583 -23.06800703 -19.35527382 -18.35804562
  -20.06064898 -40.94231941 -32.13435015  -7.10294252  22.4003399
   53.45193822  73.95313414]
 [-23.34266721 -28.57445999 -22.97557921 -16.02947167 -10.54109983
   -6.68655327  -4.77104862  -6.09339974  -9.70444665 -12.68018834
  -14.68083979 -11.97355868 -11.40755604 -14.26477431 -15.04472816
  -21.59967304 -33.18649118 -32.91236401 -13.06950936  16.43086201
   46.26727296  76.19251727]
 [-18.21501808 -20.96446217 -19.86856014 -15.45597227 -12.51691367
   -7.00217846  -5.51037217  -7.85319374  -9.23559622 -10.2760695
  -11.64219593  -7.1191823   -5.91005571  -8.23479188 -11.285554
  -17.28218572 -33.64018365 -31.25477844 -16.49207521   9.46329003
   35.10373812  71.96803827]
 [-14.89054327  -9.48258076 -17.09426208 -14.49115001 -10.94249429
   -8.03394047  -5.34138544  -6.84849466  -7.03783195  -8.35366519
   -7.88334486  -9.04084548 -12.10142034 -14.18072633 -20.94871341
  -28.39213807 -39.09435679 -37.35651918 -22.93047075   0.38985318
   25.29078503  68.79386362]
 [-16.61689523  -9.84123632  -7.45347869  -6.34542221 -10.33727155
   -8.72645598  -6.37846889  -5.19012423  -3.8410399   -4.48928369
   -3.35975078  -5.36951831 -10.12692874 -15.84175064 -23.54803482
  -38.41641093 -51.54407129 -52.76006762 -38.87227862 -15.79084304
   11.54819211  61.09518239]
 [-27.18509915 -17.68928666 -12.7365155   -7.66260415 -11.01353747
  -10.94570015  -7.76097144  -4.52569101  -0.59141843   0.91166338
    5.10167444   2.53051243  -2.04922254 -10.58849125 -23.56599726
  -45.76788392 -65.19463554 -68.29397343 -60.93630132 -34.01077363
   -6.37646259  34.26355355]
 [-44.31261338 -39.35442566 -25.39786395 -16.22554923 -14.08105208
  -12.68362161  -9.78217014  -2.26412215   2.15012734   5.90429558
   12.46909413   9.39726484   3.78853108  -3.41615744 -18.5084116
  -42.72900281 -65.43173677 -74.85611411 -68.39765208 -46.62151028
  -24.72326644  -4.2213277 ]
 [-68.39700602 -47.69082398 -30.75917958 -28.4751918  -18.63330266
  -14.61706304 -11.94118491  -4.54693137   3.10329534   8.01080395
    9.7958712   13.53439941   9.6073194    1.77995366 -10.16045124
  -33.35223092 -53.90240922 -70.10763285 -65.97717499 -48.14202514
  -23.49860246  -1.52707805]
 [-82.53566847 -58.85977199 -37.02868049 -31.95185668 -23.76495073
  -16.72164072 -17.08618706 -11.35124665  -3.6409132    3.92125518
    8.57485001   7.52147404   6.10472943   4.58958121  -1.69403694
  -19.38576242 -40.40513437 -53.32468677 -51.69221546 -31.84163295
  -11.60098168  10.78597275]
 [-86.35655642 -60.9130641  -34.51996584 -30.91368941 -24.34014517
  -21.33573688 -25.49102447 -23.78168337 -13.42221321  -2.71905357
    4.29245173   7.5591083    6.96114888   5.83074252  -0.16264892
   -6.41441964 -20.22483532 -29.42355388 -22.59662887  -8.56914404
   11.03318941  31.66973943]
 [-71.22645029 -41.9194699  -20.31542691 -14.87625327 -18.56416083
  -24.16720334 -31.62430002 -32.5655072  -24.40338582 -11.24052094
   -1.42602202   8.50489758   8.61422419  11.08032701   9.08117659
    1.56551877  -3.95918895  -7.31701574   0.87495293  13.2664989
   32.02072751  50.61501214]
 [-50.26412442 -19.46596679  -2.24530045  -3.52097969 -12.33063338
  -26.28353959 -34.16235612 -34.65842083 -27.55614544 -13.42036697
   -2.65513758   6.42654888   9.55003314  12.37610153  13.55134178
   13.3887196   13.10061547  11.85189372  19.37768946  31.20046958
   46.9763821   62.45806002]
 [-32.74109097  -1.90709213   8.71261278   0.96936521 -18.72344971
  -27.38830496 -30.57408488 -30.69767659 -23.82221864 -13.05056824
   -1.85618009   8.57934471   9.17289598  11.69380859  13.46824175
   20.82332087  25.06248609  28.88073776  31.9515021   40.20670911
   54.09370227  65.80594412]
 [-27.52453009   2.60370027  11.0854049  -14.83274144 -23.39668119
  -27.92121021 -27.73875472 -24.24431766 -15.76903813  -4.96324126
    4.37732547  10.24729215   8.73138257  10.30151618  14.55163573
   20.54726072  28.56925211  36.79586209  37.22024211  41.85383091
   48.11138041  60.50594065]
 [-34.79507023  -1.43837851 -22.03177429 -22.17425404 -24.79484179
  -25.29280635 -22.84733815 -16.25104084  -7.56991752   1.56277089
    9.00925554  10.56510648  11.55544953   9.67487113  14.04551427
   22.17176523  28.99416287  34.17182857  35.02621978  33.06761737
   39.87427204  48.86133968]
 [-56.92186112 -23.47031615 -31.31606448 -23.37187622 -17.89539049
  -16.51149855 -11.01739408  -7.92998817  -1.4937229    4.79380118
   10.96367032  13.22060457  13.84150397   8.79485741  12.2554549
   21.07729834  27.49868616  32.72633227  33.47324419  31.58196392
   30.76806111  32.28266785]
 [-70.96039188 -46.58539312 -30.35246734 -23.00612329 -10.84136095
   -5.36792807   1.1935076    1.82300022   3.2964397    7.12962742
   12.55073978  13.49928956  13.26746978   9.22632577   9.71641232
   15.99382053  22.40371284  28.5419675   31.05018646  28.98255948
   21.89071966  24.09417911]
 [-77.71236454 -46.708114   -30.60295137 -15.04393919  -3.14238379
    2.57592926   9.18845932  11.28487646   6.84594209   9.08266972
   13.0741284   13.13285765  10.65520113   6.31089811   6.67380517
    9.95815793  16.33894475  20.52237364  25.07659144  17.02655215
   12.55548678   6.13389936]
 [-70.96910226 -38.35643023 -23.55122567 -11.87425939  -0.82384258
    5.21657352  12.16420954  12.87427212   8.43896025  10.12555881
   11.58495986  11.52016172   8.54895099   3.00471226   2.40629042
    4.04190097   8.97333928  13.09183574  14.95215809  10.16600229
    5.90380216   2.51943703]
 [-45.31856947 -29.07703689 -16.20904455  -8.74980102  -5.85244699
    2.28041599   8.84473155   9.96390151   5.22726753  10.1463196
   10.41950907   9.38017674   6.02252626  -0.82167433  -2.16288675
    2.14657622   6.30455351   8.6891589   10.18490057   7.64231156
    3.58650702  -1.19031792]
 [-23.73132072 -10.35513761  -1.93714696   2.068822    -7.37017178
   -0.6603553    4.35012584   6.59334117   0.95569733   3.7510988
    7.92697238   6.55841635   0.94006302  -1.71008637  -3.3894471
    3.36997408   6.49962608   8.35518614   7.98969778   5.29119576
    1.27321496  -2.67006481]
 [  1.94156219   9.77409944  14.48829534  12.90316216 -14.8590033
  -14.72634156 -13.32485672 -11.98477655 -13.5971905  -12.25464738
   -4.99221279   4.43830095   4.9119059   -2.4948834    3.51944018
    5.84524843   9.51258988  10.79916372   9.73028835   6.64806597
    2.36318033  -1.7797193 ]]