[[ -0.22203593   7.99594879  15.26850509  22.67792891  26.30101418
   27.26659654  25.76383067  23.08561881  19.56981989  11.59300879
   11.88357182  16.48097939  24.2291665   43.8224191   50.92514382
   53.31932397  51.24639554  47.80751846  43.34648689  51.32102473
   47.43270547  41.93177504]
 [ -8.31164429  -5.4796905    5.31581282   7.96391067  10.12764862
   11.34845602  11.15686702  10.01548386  10.83400362   8.43986409
    8.18046887  16.64966778  22.92525504  34.86884252  41.6194422
   44.28553925  44.96414243  45.97711483  51.32602862  53.27155869
   52.99732745  49.75185777]
 [-10.41097564 -15.95342674  -8.82195434  -7.02127087  -6.55220722
   -5.17146402  -4.06441745  -2.28741214  -1.91949141  -0.58691572
    0.25287154   1.07177693   8.90610425  20.97347027  25.51112642
   27.16904046  31.28798199  33.89052709  41.95573341  49.47660794
   54.19325782  54.46463741]
 [-26.76189924 -23.92106207 -20.70498781 -17.56922122 -14.38445469
  -10.95357124  -6.82052431  -9.87502317 -12.9580539   -9.74246252
  -13.86881199 -13.77016809  -9.5501837   -1.43582093   7.39580183
    6.21492389   8.68190838  13.41294628  26.52394042  39.94363858
   55.86497036  65.28666812]
 [-13.24693991 -25.78211556 -22.15318053 -19.28168789 -14.81692454
   -9.6702987   -8.92887211 -12.15635366 -13.12492825 -17.52469161
  -23.26608085 -28.14649709 -29.59254717 -25.47968525 -14.46993144
  -17.92342232 -18.87550701 -10.12272987   5.50430666  30.96306402
   55.16744492  37.51525271]
 [-35.83778864 -27.99407332 -23.83378955 -20.10607342 -14.63771177
   -8.55053603  -6.55441752 -11.24171311 -15.45340542 -19.23246078
  -25.45514973 -30.86490409 -30.54385496 -26.39135604 -16.00030623
  -24.56485781 -33.13112501 -29.39032206  -4.13369178  21.3927632
   42.18107912  38.18789204]
 [-36.41446312 -28.58903382 -24.44278419 -20.44393717 -14.61086227
   -7.83769286  -4.22854575  -8.73915777 -12.91586027 -15.83155012
  -21.245771   -23.60695613 -23.5932301  -20.26505047 -19.22380222
  -27.93969326 -29.80411718 -34.50579313 -15.84591669  25.12747439
   46.13151042  58.83073995]
 [-35.58889658 -27.76406793 -24.56168382 -19.64334939 -14.31416866
   -9.38919664  -6.24476293  -6.67148983 -10.15449224 -13.1055967
  -12.66480214  -9.58024352 -13.93255463 -11.36742488 -13.93064223
  -20.4079112  -24.91920964 -28.11575284  -8.12940802  16.30342304
   37.48002086  51.25054079]
 [-32.52673253 -27.6915775  -24.59134238 -19.41855068 -14.05586015
   -9.5821413   -7.12918308  -8.31273689  -8.43281001  -9.67032008
   -9.5780712   -8.51763326  -5.59933172  -9.32949069 -11.94002384
  -13.67774518 -29.4692242  -32.0428622  -16.6611007   11.46516994
   31.52580633  44.88481783]
 [-27.66077406 -25.44154286 -21.95271938 -17.66946102 -12.78008299
   -7.16744057  -8.05343152  -8.14523666  -7.2785657   -6.43908818
   -7.00151774  -6.19392584  -8.09297579 -13.60816067 -17.82262349
  -25.38404149 -34.80614616 -39.51789156 -20.06655914  -0.30162185
   17.56996678  30.00544978]
 [-22.05536596 -21.89558917 -18.29947058 -14.19679359 -11.15790364
   -8.68017438  -7.80997706  -6.09929615  -1.4665447   -2.77575944
   -3.60000068  -3.48418111 -10.21450026 -16.07587592 -21.77207332
  -18.43651003 -38.46541528 -51.77800266 -37.67534071 -13.41215371
    4.73571311  -0.93161491]
 [-29.86186628 -20.06859028 -14.46707095 -12.41650002 -13.00898613
  -11.07216418  -8.07176509  -7.00141042  -4.04479625   3.80993631
    2.62230132   3.84853372  -4.49760175  -8.38618154 -18.22170028
  -15.09935114 -63.78742588 -70.02583316 -52.73061751 -31.49622023
  -10.98440643   5.08906501]
 [-50.90313385 -34.43094617 -14.36884587 -16.57652096 -15.66307554
  -13.79138953 -10.74312049  -9.15312541  -1.83620998   9.13064572
    9.72442918  13.49338655  13.78549791   0.86716834 -13.27857917
  -45.36891801 -63.25949843 -73.9957827  -64.77390473 -40.62549311
  -18.04630484   0.89852824]
 [-68.44852798 -54.9311691  -40.99035977 -17.89654544 -17.35032434
  -15.68394545 -14.20801041  -7.29614055  -1.30088678   7.23339122
    9.74332913  11.71766525   9.9185409    5.81147048  -1.98610278
  -29.77471208 -57.56764603 -68.60563447 -66.17126188 -45.68065065
  -19.94374111 -16.77109918]
 [-96.14106005 -69.53965867 -50.88410846 -16.23680611 -16.87214811
  -15.71930023 -15.95360561  -9.04520033  -3.9625755    5.56299048
    8.38942349   5.03752087   4.46625385  -1.73122423  -4.95591477
  -16.10722599 -40.35641891 -54.8330222  -48.3100901  -28.53374968
   -7.48385873   4.4471098 ]
 [-92.35870973 -78.91462924 -67.04106349 -33.70445868 -13.8482876
  -16.70768373 -23.31867466 -20.03659698 -14.81463882  -2.55725747
    3.40173339   5.10396781   3.97318605   6.38416306   0.93179142
  -11.19656457 -24.40397978 -25.43310999 -32.93480384 -15.80939747
   21.76427076  27.9959238 ]
 [-81.08880455 -53.53889941 -49.0087108  -31.15924112 -11.57273304
  -16.75053617 -26.4189355  -28.88244497 -24.89921641 -12.00617356
    3.06731057   6.71040802   8.86434426  11.19881207  13.41471983
   -0.27155712  -3.51524584  -7.8704479  -10.4230391   18.34633949
   43.4592381   51.23001152]
 [-59.54134392 -29.81455019 -23.46296445  -2.31192999  -9.97818998
  -18.29718804 -25.51191312 -34.44960333 -31.77190223 -20.81536053
   -5.92506841   8.27543638  11.38297683  14.02714173  16.06014418
   17.34897485  21.18684807  12.59742692  10.26448811   6.28056394
   51.67462098  62.07310093]
 [-32.00079002  -2.1383926    1.13939835  -4.38975778 -12.15252834
  -21.96715826 -28.59764922 -31.72822554 -24.09788631 -12.53904992
  -10.41565358   7.10662578   6.88688183  10.15177921  13.34199542
   14.77051073  20.53626509  29.69651372  29.59923963  38.38669267
   49.12352504  58.88404412]
 [-25.10703203  -0.22847998 -10.58096312  -8.60285197 -16.68569536
  -24.24016897 -30.43978745 -24.0440534  -15.0705007   -5.5961746
    5.59916403   9.02603668   7.27386904   9.23092626  12.66721599
   22.58330338  29.64836313  33.31621564  32.94059969  31.42767531
   42.37324278  51.65944364]
 [-45.9830073  -21.44768437 -28.40589996 -14.27850567 -22.65498237
  -27.74048223 -24.42945097 -17.4820317   -7.32127846   3.93073963
    9.08563576  10.82702014  11.3398447   10.75193724  10.77830896
   22.79987196  29.51854526  34.51845874  33.80826506  30.98811294
   31.97974486  48.77641192]
 [-61.5653228  -41.25743031 -29.79001263 -26.58823725 -27.08991624
  -16.19452877 -13.02088529  -4.53570395  -2.01420972   5.55414062
   10.82417925  13.87752139  11.66224262   9.66040979   9.67782819
   19.13795215  25.34578786  31.71413877  30.52875835  27.24707125
   26.32871559  40.99370119]
 [-78.86896883 -48.99103057 -37.6258017  -22.18730391 -20.067401
   -5.6630076    2.04049932   2.69259389   1.57476546   7.31568906
    9.73869683  14.82395585  12.85823709  11.47693228   9.21605852
   14.0120236   22.96422092  27.91844933  25.80861952  23.19475789
   19.18199409  16.55814163]
 [-76.62562938 -42.27996804 -27.65087858 -11.449579    -0.38534058
    4.95593455  11.34644595   9.59457591   7.86108775   9.02634935
   12.2634601   13.68460339  10.41666007   7.92121462   4.74040687
   10.86612796  16.76151527  21.46883033  26.000729    20.05649736
   17.15411086  14.69310855]
 [-63.49685593 -29.49288677 -23.2485544  -16.06394215  -5.63527518
    4.90475349   9.15693571  10.91566187   8.67730275   9.67105648
   11.38549635  11.52602134   7.84384626   4.304577     1.21287833
    6.59677521  11.15756447  15.69881111  17.49392241   9.12870526
    7.06827602  -4.27923522]
 [-49.21340956 -28.17576343 -13.0366248  -14.65560704  -7.5904736
    0.57295921   7.57166904   2.81818104   7.54252379   8.24216814
    9.88080009   9.75189607   5.93337492   2.72238397  -3.45474195
   -1.7772746    3.89006492   8.90384613   3.65828258   0.6175224
   -2.0435328   -3.82211372]
 [-27.53060978 -10.12733612  -8.93661369  -6.10186924  -8.47630709
   -2.83033601  -4.71944518  -4.1231908    6.03233885   7.12731507
    7.82161766   6.59474304   3.34186174   3.54141396   0.37473948
    1.52002051   6.95337112  10.34281221   6.6684713    2.99514924
   -0.38135399  -2.8209666 ]
 [ -1.90358416  11.22086819   1.25675518   0.88102538   3.28311747
    6.24643629 -10.10607665  -8.86690747   5.64956599   5.54641809
    5.21428499   4.32860379   6.62147792   3.93917207   6.72174304
    7.51954433  10.50897369  14.25887079  10.06442632   5.16734482
    0.64230972  -2.6768028 ]]