[[ 1.00837814e+01  9.83599148e+00  2.38250235e+01  3.09091499e+01
   2.77904989e+01  3.35183864e+01  2.90689152e+01  2.07146921e+01
   1.57559926e+01  9.79365936e+00  5.34871226e+00  1.15980759e+01
   2.26498489e+01  3.13642405e+01  3.94370719e+01  4.18207629e+01
   5.03653604e+01  4.02395960e+01  3.64057053e+01  3.08387613e+01
   1.51267973e+01  1.39400329e+01]
 [-6.85929473e+00 -2.16603965e+00 -5.87216450e+00  1.02626624e+01
   1.50738256e+01  9.07963731e+00  7.58879537e+00  1.85901636e+01
   1.35675913e+01  6.59019000e+00  5.41172920e+00  1.14057100e+01
   2.31580039e+01  3.24918094e+01  4.14627269e+01  3.93432229e+01
   4.40747055e+01  4.34682723e+01  3.95826050e+01  2.28183848e+01
   2.26498815e+01  2.07503227e+01]
 [-2.41216432e+01 -2.19465556e+01 -1.18634648e+01 -1.59272546e+01
  -1.41915866e+01 -7.95726240e+00 -1.22950687e+00  5.68029955e+00
   1.04895340e+01  6.19745397e+00  5.05009217e+00  1.02919298e+01
   2.18374787e+01  2.19932351e+01  1.95421114e+01  2.70967443e+01
   3.25672188e+01  4.35151510e+01  2.88148472e+01  3.08450332e+01
   3.04807377e+01  2.78069937e+01]
 [-2.36704700e+01 -2.15817326e+01 -1.90304700e+01 -1.62289120e+01
  -1.44764074e+01 -8.93631844e+00 -8.61845566e+00 -1.70716863e+01
  -8.99402416e+00 -1.05679204e+01 -1.07704541e+01 -1.73601078e+01
  -6.54547671e+00 -1.63594659e+01 -1.59105354e+00  1.24628087e+01
   1.83050484e+01 -3.68563151e+00  3.53522989e+01  3.77107924e+01
   3.71417544e+01  3.37768610e+01]
 [-2.86049394e+01 -2.19195469e+01 -2.25202649e+01 -2.13776861e+01
  -1.13093828e+01 -6.79450874e+00 -6.49129620e+00 -1.20074719e+01
  -1.69281808e+01 -2.13054869e+01 -2.73646332e+01 -3.22507185e+01
  -3.51007598e+01 -3.43953296e+01 -1.28712821e+01 -8.09274433e+00
  -2.32019762e+01 -1.77231004e+01  7.58262984e+00  4.19164525e+01
   4.11782653e+01  3.73560506e+01]
 [-2.78515436e+01 -2.40734778e+01 -2.47177426e+01 -2.34483877e+01
  -1.34854257e+01 -4.30645954e+00 -4.03614836e+00 -1.10020084e+01
  -1.86097482e+01 -1.97024117e+01 -1.92697753e+01 -3.20135559e+01
  -3.53617816e+01 -3.47128130e+01 -2.85042388e+01 -1.86733624e+01
  -3.61959582e+01 -3.70191958e+01 -5.82945528e+00  1.89461241e+01
   4.16746493e+01  3.76640616e+01]
 [-3.69107795e+01 -2.44997033e+01 -2.51428046e+01 -2.02225907e+01
  -1.43938160e+01 -8.02241111e+00 -4.55722220e+00 -7.09304263e+00
  -1.55767656e+01 -1.64767730e+01 -1.61005357e+01 -2.61110114e+01
  -2.03719983e+01 -1.62330369e+01 -1.61946749e+01 -1.49225757e+01
  -3.33706480e+01 -3.40769184e+01 -3.21320196e+01  2.79343825e+01
   2.79435948e+01  2.58235353e+01]
 [-2.88552418e+01 -2.85711153e+01 -2.35097815e+01 -1.96243242e+01
  -1.41557175e+01 -5.12262330e+00 -5.05491041e+00 -6.27918151e+00
  -1.04090480e+01 -1.14309162e+01 -1.15732441e+01 -9.85231973e+00
  -5.08143524e+00 -3.99580985e+00 -6.95758235e+00 -9.15581261e+00
  -2.47353125e+01 -2.87886403e+01 -8.86854811e+00  3.01782450e+01
   3.01881343e+01  2.78977249e+01]
 [-2.94852629e+01 -2.86512854e+01 -2.39535594e+01 -1.89179304e+01
  -1.61916239e+01 -6.24317192e+00 -5.90308929e+00 -7.61958607e+00
  -9.13990559e+00 -1.00980255e+01 -1.02792556e+01 -9.08314028e+00
  -6.14416199e+00 -5.08763391e+00 -1.16234131e+01 -1.36993886e+01
  -2.29522720e+01 -3.92538577e+01 -1.63234211e+00  3.01189468e+01
   3.01287540e+01  2.78427918e+01]
 [-2.30503001e+01 -1.93113757e+01 -1.13892536e+01 -1.02330857e+01
  -8.43344795e+00 -7.00187839e+00 -8.51593073e+00 -8.90805187e+00
  -6.19381906e+00 -5.84071374e+00 -5.99528717e+00 -4.62952111e+00
  -5.25256721e+00 -1.31453621e+01 -1.70632521e+01 -1.65409315e+01
  -3.47578251e+01 -4.45575883e+01 -3.26349554e+01  1.11801715e+01
   1.14275424e+01  1.07844256e+01]
 [-2.29165796e+01 -1.91261832e+01 -1.31374521e+01 -1.18311226e+01
  -9.78139903e+00 -7.40634446e+00 -8.24669122e+00 -8.55525900e+00
  -2.80030231e+00 -2.33967036e+00 -2.79249265e+00 -2.86009728e+00
  -2.70564178e+00 -1.74324875e+01 -1.79015044e+01 -1.69827556e+01
  -3.88746518e+01 -5.65020747e+01 -3.15332043e+01 -1.49719386e+01
  -4.55540032e-01 -1.82283563e-01]
 [-2.10049438e+01 -1.74522598e+01 -1.39891077e+01 -1.26238216e+01
  -1.04658617e+01 -1.09824317e+01 -9.32799861e+00 -2.37294329e+00
   2.06115348e+00  4.48673273e+00 -6.11670076e-01 -2.97407210e+00
  -2.81500344e+00 -1.51150379e+01 -2.76335854e+01 -1.65635860e+01
  -7.31637717e+01 -7.22490327e+01 -2.80402402e+01 -2.48300020e+01
  -2.09830874e+01 -1.60113543e+01]
 [-1.77434388e+01 -1.46644769e+01 -1.37521074e+01 -1.24323644e+01
  -1.32136859e+01 -1.36619973e+01 -1.14873748e+01 -5.42560030e+00
   6.91078319e+00  9.70942707e+00  1.18879566e+01  5.92766175e+00
   1.27661519e+01  2.38609950e+00 -2.41555275e+01 -3.94804583e+01
  -6.84125663e+01 -8.27473546e+01 -7.03267899e+01 -4.01487248e+01
  -3.50861376e+01 -2.19131764e+00]
 [-6.62720472e+01 -5.54310421e+01 -1.65182864e+01 -1.77046634e+01
  -1.56082665e+01 -1.51239109e+01 -1.33007174e+01 -1.05416459e+01
   1.27001678e-01  1.28359018e+01  1.31711138e+01  7.44693191e+00
   9.87757110e+00  6.71392813e+00 -3.66959995e+00 -3.21080269e+01
  -6.12633166e+01 -8.14198113e+01 -6.90231115e+01 -4.05084911e+01
  -2.92619840e+00 -2.82877300e+00]
 [-8.65416471e+01 -7.44122123e+01 -1.56502598e+01 -1.70344975e+01
  -1.65647053e+01 -1.60975205e+01 -1.42134507e+01 -1.13290975e+01
  -2.23615716e+00  1.02378427e+01  5.40777279e+00  2.16694378e+00
   6.84371786e-01  5.30101780e+00  5.10506253e+00 -1.74319939e+01
  -2.31592838e+01 -2.24992272e+01 -4.10933946e+01 -2.98557008e+01
  -3.41420239e+00 -3.31329492e+00]
 [-1.05654007e+02 -7.95244625e+01 -5.44743841e+01 -1.06689254e+01
  -1.30198350e+01 -1.58183416e+01 -1.40191734e+01 -1.12332258e+01
  -3.90883124e-02 -3.24611918e+00  8.99824823e+00  3.08602024e+00
   1.68294578e+00  5.42349745e+00  5.22272101e+00 -2.30461374e+01
  -2.42295820e+01 -2.56303094e+01 -2.26564014e+01 -1.58494144e+01
  -3.63195954e+00 -3.53540521e+00]
 [-8.44353356e+01 -6.61567737e+01 -4.81707674e+01 -7.54455394e+00
  -9.69496388e+00 -1.11535678e+01 -1.27634880e+01 -2.40452124e+01
  -2.04626480e+01 -1.64935200e+01  8.67627813e+00  9.40636344e+00
   9.39539087e+00  1.16981089e+01  1.37499701e+01 -2.42280502e+00
  -2.33957493e+01 -7.26535098e+00 -1.13410895e+01  1.60234021e+01
   5.71511503e+01  5.96813912e+01]
 [-5.29714414e+01  5.48948329e+00  1.93122016e+00 -1.65793066e+00
  -5.91800053e+00 -1.37592568e+01 -2.78005092e+01 -3.09489858e+01
  -3.19497788e+01 -2.02644574e+01  9.87754046e+00  1.06592871e+01
   7.34579028e+00  1.48300570e+01  1.73585564e+01  1.59899352e+01
   1.55599173e+01  2.50274995e+01  2.42097389e+01  2.76797845e+01
   5.58658130e+01  5.83395324e+01]
 [-1.79806652e+01  7.18865448e+00  3.52984456e+00 -2.61625848e-01
  -9.12083124e+00 -1.71223046e+01 -3.23125694e+01 -3.11918156e+01
  -1.79996691e+01 -1.81988046e+01  4.49021469e+00  4.06815689e+00
   3.32542081e+00  1.21765208e+01  1.24228076e+01  1.61010288e+01
   1.56679575e+01  2.46579899e+01  2.86983871e+01  2.94179427e+01
   4.50895819e+01  5.26767518e+01]
 [-1.24127261e+01  8.32263603e+00  4.84026113e+00 -1.27093213e+01
  -1.53174637e+01 -2.78140330e+01 -2.93328042e+01 -2.29360605e+01
  -1.21209858e+01  1.65619235e+00  7.37993658e+00  6.15728688e+00
   5.86812950e+00  1.07388384e+01  1.05911655e+01  2.28438022e+01
   2.93365902e+01  3.35593460e+01  3.27939728e+01  3.12025572e+01
   3.72150119e+01  4.05805194e+01]
 [-3.05763032e+01 -2.68522048e+01 -6.35298510e+00 -1.78285599e+01
  -2.06139140e+01 -2.77408961e+01 -2.00605440e+01 -2.02328125e+01
  -5.57676445e+00  4.16385691e+00  9.13022255e+00  1.26958314e+01
   1.22248682e+01  1.07691729e+01  1.05996758e+01  2.52180910e+01
   3.37151385e+01  3.42821958e+01  3.31300422e+01  3.14382843e+01
   2.75958435e+01  2.24073444e+01]
 [-5.37487542e+01 -5.66531101e+01 -3.69749402e+01 -2.23580124e+01
  -2.23546811e+01 -1.49555754e+01 -2.35681413e+00 -7.42025506e+00
   4.54010303e+00  4.63380206e+00  1.00342040e+01  1.27492670e+01
   1.19181494e+01  1.06933728e+01  8.64687161e+00  8.62356439e+00
   3.18007406e+01  3.23828272e+01  3.05358111e+01  2.94212580e+01
   2.57583343e+01  2.08596294e+01]
 [-6.77782234e+01 -5.06402071e+01 -2.99636876e+01 -1.48613027e+01
  -2.21639280e+01 -6.05157517e+00  2.73669466e+00 -2.37843019e+00
   4.30539990e+00  4.39457437e+00  8.43542541e+00  1.27022407e+01
   1.31746035e+01  7.06777043e+00  7.66789172e+00  7.67797655e+00
   1.59648802e+01  2.78722734e+01  2.80853303e+01  2.61262550e+01
   2.23285125e+01  1.80365530e+01]
 [-5.73971862e+01 -4.00869808e+01 -1.52075939e+01 -1.59300795e+01
  -4.45755404e+00  1.24285312e+01  1.47207339e+01  7.16717938e+00
   9.73078749e+00  1.10643608e+01  1.22018332e+01  1.37839303e+01
   1.42535430e+01  3.45512079e+00  6.13091815e+00  1.41096282e+01
   1.76657095e+01  1.60917100e+01  1.29906087e+01  1.98417045e+01
   1.71157988e+01  1.40600983e+01]
 [-9.40686099e+01 -1.59359151e+01 -1.72875985e+01 -1.74881374e+01
  -1.02622322e+01  1.43108505e+01  1.30760278e+01  7.61543712e+00
   8.46198184e+00  8.71922254e+00  1.22605395e+01  1.35406444e+01
   7.83702398e+00  6.95742468e-01  4.12205550e-01 -9.41704710e-01
   1.04568835e+01  1.31231205e+01  1.02145724e+01  4.69328940e+00
   3.15952290e+00  2.57136223e+00]
 [-4.84574236e+01 -6.87080507e+00 -1.78644622e+01 -1.80490007e+01
  -4.17046108e+00  5.00383287e+00  5.11070683e+00  7.45457494e+00
   7.38076623e+00  8.39757092e+00  9.64906777e+00  1.14130983e+01
   5.65744810e+00  6.79143597e-01 -9.64698478e-01 -1.22292889e+00
   2.50092107e+00  5.77034086e+00  5.68838823e+00  4.58051449e+00
   4.05796381e+00  3.31221945e+00]
 [-2.49976777e+01 -1.98174774e+00 -8.79148435e+00 -1.39377851e+01
  -7.03915148e+00  2.05210092e+00  3.82066496e+00  6.74214776e+00
   6.68253682e+00  8.24565681e+00  9.45187963e+00  9.35967636e+00
   6.36115986e+00  2.98030042e+00 -1.14394631e+00 -1.39462847e+00
   3.46662902e+00  1.03806850e+01  5.61361727e+00  5.40809965e+00
   4.80254989e+00  3.93030739e+00]
 [-9.44820957e-01  2.94905960e+00 -3.52919019e+00 -9.22644122e+00
  -6.89397562e+00 -5.92138709e-01  2.50165728e+00  3.71746699e+00
   5.99220178e+00  7.47339586e+00  8.54773652e+00  9.04727324e+00
   6.44144483e+00  3.43927094e+00 -1.19619423e+00  1.25878843e+01
   1.42934442e+01  1.49943834e+01  6.09804129e+00  5.88640010e+00
   5.23862612e+00  4.29742180e+00]]