[4.86074814e+02 9.31307525e+01 1.29793292e+02 6.76724384e+02
 1.27009116e+01 5.39112236e+02 6.10285392e+03 3.00109498e+03
 5.41983169e+03 8.38995066e-04 4.21589036e+03 7.71208348e-01
 3.49749305e+04 3.04255095e+01 7.83068149e+00 1.76860187e+03
 1.15255858e+04 1.03571313e+02 3.71283009e+02 2.00491670e+02
 1.43867753e+04 8.06877640e+02 1.62769703e+03 9.76749500e+00
 8.43906861e+02 4.88790438e-02 2.09862952e+04 4.01185561e-01
 2.48098326e+04 5.84139104e+00 7.86804780e+01 1.24218190e+03
 5.38931581e+03 7.30157114e+02 2.01287235e+01 1.56628658e+02
 2.28130205e+04 2.43875323e-01 3.24187566e+01 1.86056237e+00
 4.70200554e+00 1.77889033e+03 3.33198574e+04 1.20382924e+01
 2.60385688e+01 1.66219274e+02 5.47091164e+04 2.72770780e+01
 3.61002941e+01 1.62368819e+03 1.14954876e+03 4.75137465e+02
 4.55907796e+00 3.51517358e+01 5.74562933e+02 5.15234768e+00
 5.55802426e+01 3.32558798e+01 9.94339228e+02 1.19749187e+01
 1.76921565e+03 1.17756584e+01 7.82670723e+02 8.41146037e+02
 1.86005735e+00 1.19130476e+01 1.39810881e+00 2.84548445e+02
 1.45232872e+00 1.34755710e+00 1.51515447e+02 1.17303025e+01
 2.78450010e+01 1.94924653e+02 2.86035062e+01 6.65413233e+00
 1.41430205e+02 5.11232003e+01 5.46451119e+01 7.69961823e+01
 1.02328193e+02 4.95794297e+00 3.51509833e+03 7.30391045e+01
 3.72231861e+02 1.46907008e+02 6.56836767e+01 4.35020433e+01
 4.36499043e+04 1.06743384e+03 1.44442204e+02 5.04131014e+02
 7.78726735e+00 1.12075805e-01 6.35990962e+02 3.82771766e+02
 2.37590164e+02 8.52197578e-01 2.14658946e+04 1.48575809e+00
 1.52014247e+04 3.75639916e+02 3.66508934e+01 2.11077332e+01
 3.27015997e+02 1.76726455e+02 7.26437324e-02 4.12568743e+02
 5.98813725e+01 3.68856473e+00 1.73251856e+01 2.79689095e+02
 4.90785217e+00 1.97785123e+02 1.46032944e+02 6.09058360e-01
 8.42597598e+01 2.29891790e+02 1.02500643e+03 8.17575307e+01
 7.57360159e+02 2.77417997e+02 1.81564544e+02 1.52498284e+01
 3.78166853e+03 1.62636154e+01 6.87064746e+01 7.75723174e+01]