[1.56056333e+02 1.54416563e+02 1.18206706e+02 6.69602449e+02
 1.27009116e+01 5.39112236e+02 6.10285392e+03 3.00109498e+03
 5.41983169e+03 9.71601284e-01 4.21589036e+03 7.74432636e-01
 3.49749305e+04 3.87706636e+01 9.63921499e+00 1.76860187e+03
 1.15255858e+04 1.03571313e+02 3.20021832e+02 1.66470069e+02
 1.43867753e+04 8.07658786e+02 1.62769703e+03 3.87950096e+00
 9.21850379e+02 2.44978495e-01 2.09862952e+04 1.12914804e+00
 2.48098326e+04 3.21229412e+01 5.15891769e+01 1.22553167e+03
 5.38931581e+03 7.30157114e+02 1.78973306e+01 1.09060432e+02
 2.28130205e+04 4.24401920e+00 1.32435281e+01 2.22103009e-01
 3.40773617e+00 1.77889033e+03 3.33198574e+04 4.35990420e+01
 1.36679639e+01 1.11526738e+02 5.47091164e+04 4.76068866e+01
 2.11874655e+01 1.62368819e+03 1.02877657e+03 5.83110979e+02
 7.17225568e+01 7.15226358e+01 6.94775707e+02 1.16744566e+02
 4.79591505e+01 3.17561710e+01 5.98788796e+02 2.94631717e+00
 1.76921565e+03 7.70131691e+00 6.52059014e+02 1.00052492e+03
 2.36654239e+01 1.73217781e+01 9.42830967e-01 1.77456430e+02
 7.54288981e-01 1.10087770e+01 1.43361425e+02 1.10913147e+01
 4.53225032e+01 1.05609857e+02 3.67584009e+01 2.55189844e+01
 2.64006586e+02 9.01823798e+00 1.32788859e+01 7.23844989e+01
 3.27476659e+01 1.70393841e+01 3.51509833e+03 7.30391045e+01
 3.43640652e+02 1.50839707e+02 6.56836767e+01 3.71641330e+01
 4.36499043e+04 1.06743384e+03 1.96269835e+02 6.13343549e+02
 7.78726735e+00 4.16493822e+00 6.42661919e+02 2.90384684e+02
 1.39971831e+02 1.25588469e+01 2.14658946e+04 1.53958464e+01
 1.52014247e+04 2.35997864e+02 1.78822013e+01 2.85486364e+01
 3.01370586e+02 9.49469076e+01 1.41218985e-03 3.30699086e+02
 7.46835193e+01 3.68856473e+00 3.77433892e+01 3.71823610e+02
 1.82050862e+00 1.70176019e+02 1.04556872e+02 2.52682999e-02
 9.00657721e+01 1.67324099e+02 1.23005611e+03 1.21513829e+02
 5.46281727e+02 2.65910731e+02 1.16463695e+02 1.23760220e+01
 3.78166853e+03 1.62636154e+01 4.24230194e+01 7.75723174e+01]