[[5307.80658867 5345.03976855 5364.24743333 5388.49128419 5405.54287916
  5421.69886596 5441.47157448 5477.87206775 5494.75951829 5526.49371162
  5544.42572027 5564.61525997 5592.65255264 5605.5378235  5640.15224602
  5679.69347281 5721.49712267 5767.77102746 5822.3341195  5820.56281212
  5854.20118384 5994.24453817]
 [5309.58307501 5327.22393849 5358.32656086 5382.21952959 5393.94974081
  5400.51569858 5419.41890161 5439.56311938 5452.31466378 5471.33545273
  5491.97590003 5507.96226802 5525.22093113 5549.42524892 5572.17051577
  5598.44076841 5631.47464521 5671.18926087 5733.24072979 5784.53975659
  5817.56441112 5922.87584362]
 [5277.88514459 5307.02283772 5327.85078574 5358.70147746 5364.87736138
  5372.14399065 5388.72914094 5412.19562818 5421.53973778 5432.22538142
  5449.28991509 5464.99395489 5475.56231091 5497.31501773 5510.83735045
  5538.61943826 5573.55022041 5605.99902281 5651.53836181 5705.7263106
  5782.23796033 5860.83822458]
 [5267.95927046 5280.83011707 5300.70473976 5312.7085549  5335.87041494
  5356.33294174 5374.33411289 5389.35555342 5401.10264044 5416.43635923
  5424.27474199 5433.70397179 5444.17820103 5463.96568935 5476.85047415
  5499.32320669 5532.02988188 5568.11767074 5608.36097907 5656.6337158
  5730.28410989 5781.77312644]
 [5243.78161951 5262.89456966 5290.31765566 5307.45105846 5329.82936615
  5351.26841175 5352.40557338 5373.99858232 5391.0547781  5402.33872174
  5415.93280876 5415.51642956 5423.99214517 5433.0933791  5445.57062132
  5469.73011628 5498.2984239  5530.94226636 5567.0815606  5615.85173044
  5687.43059044 5770.57639914]
 [5248.40137935 5249.07811029 5279.85378708 5299.41147394 5310.78010238
  5337.34495525 5357.35913715 5366.31649315 5386.75124301 5392.98748274
  5398.90890736 5412.41655653 5408.59019431 5414.53579979 5433.31813446
  5449.63704062 5473.19206352 5506.10753101 5535.60138337 5585.98150553
  5650.25387999 5681.92816047]
 [5232.20902055 5235.75128056 5267.63029754 5282.16091875 5297.18754918
  5326.46912434 5362.02360071 5377.75620037 5393.26154391 5397.66482521
  5394.19155883 5407.44265577 5402.23055123 5412.74323909 5420.98978636
  5436.22030335 5454.06069029 5477.18522837 5506.35129098 5559.56166282
  5587.70189619 5626.5451204 ]
 [5230.52256462 5245.34768194 5263.54335087 5273.93143194 5300.45204783
  5335.43474302 5354.72791487 5391.75327602 5400.28483758 5410.98270344
  5411.20889636 5421.50686415 5410.91676151 5409.9164543  5415.09861263
  5426.6360305  5439.27692838 5454.6311687  5485.50865548 5532.81202248
  5563.68606091 5605.15700112]
 [5232.81742223 5245.03076502 5257.52226542 5286.10669472 5312.47281982
  5349.14842355 5364.62207279 5398.57173169 5416.49988361 5421.01269112
  5418.12046076 5429.26871615 5420.38033203 5418.7167298  5415.37010689
  5426.23688251 5436.14723338 5450.87239759 5476.05026047 5509.75450066
  5548.24907451 5589.00604629]
 [5234.65032251 5248.73289762 5272.09852704 5301.82590863 5322.49796339
  5356.85945148 5393.7854863  5415.40847544 5438.15964488 5448.10461301
  5444.15692346 5443.84465454 5435.66890014 5437.10751721 5430.18708083
  5428.26584846 5441.80273516 5451.52714044 5477.7715567  5502.06755904
  5538.95831939 5571.77310057]
 [5234.77185954 5243.6636597  5271.5521918  5314.25886492 5353.51043968
  5385.80060394 5419.80271765 5438.64931053 5456.01253796 5470.53696389
  5476.46954752 5469.01419878 5466.78321671 5459.82691892 5460.17738356
  5447.64208712 5455.16898735 5466.51869032 5483.05265287 5510.3870414
  5540.24513099 5578.0938518 ]
 [5244.95261704 5241.23570948 5282.81325223 5321.9959792  5376.03953605
  5410.36240102 5435.87461906 5465.40853706 5478.12684554 5491.91321661
  5499.36410739 5492.64860199 5491.36140619 5482.01073255 5481.79208132
  5481.00568574 5488.56992641 5481.27191727 5505.54525389 5530.42660358
  5553.66063207 5593.24968832]
 [5227.10611669 5254.21783922 5296.21335658 5343.78230775 5386.6886362
  5424.91852383 5458.85547311 5487.52630262 5500.5693018  5517.94349557
  5522.60041244 5528.34525281 5516.58288929 5511.75825156 5512.39351473
  5510.25882678 5517.46850926 5525.31781706 5539.58428288 5551.41719929
  5578.57048852 5607.94094089]
 [5234.12445505 5264.27520616 5318.01096136 5353.93540955 5402.38159956
  5438.36882392 5473.55842246 5504.0630893  5531.87325098 5543.29261026
  5554.66741067 5555.44031435 5559.90043633 5549.1079373  5542.20883121
  5550.93526272 5554.50709688 5564.79744396 5567.25867754 5597.62086868
  5621.39256439 5644.43439979]
 [5215.38115627 5275.86063447 5316.7208789  5363.09500146 5415.03168473
  5453.95928751 5497.347432   5530.04135941 5552.87544642 5573.3597144
  5577.32397354 5588.22394055 5588.11077434 5588.48508235 5592.01999856
  5592.2306153  5592.14166223 5600.69935135 5617.93818535 5629.42832978
  5654.68548586 5690.08119618]
 [5251.73133408 5291.92630675 5335.02927791 5381.71556308 5424.71448834
  5485.03455019 5518.42942317 5548.51291399 5573.2496001  5590.6900522
  5611.21791762 5621.32491774 5627.11237446 5626.49030879 5629.66150321
  5637.5188015  5648.77795344 5656.94629055 5662.69151205 5675.35883528
  5693.24230237 5717.06469573]
 [5261.90570096 5307.18876789 5349.22283303 5402.27155896 5454.3390653
  5494.7150693  5540.35853167 5565.90272168 5597.96179572 5622.99292862
  5638.03869157 5655.17593385 5665.02292492 5662.44190115 5670.63624178
  5677.23879475 5688.8435759  5700.73219888 5717.14934553 5732.80742058
  5745.00756258 5764.00029343]
 [5280.35551278 5327.20959467 5369.72809061 5430.60940781 5479.41127467
  5519.87345238 5557.15334119 5588.55692199 5615.9454289  5641.59980194
  5661.45842936 5681.57359245 5699.77633865 5706.916508   5709.20370163
  5717.14277559 5731.51205205 5740.9529277  5756.29027211 5772.48218864
  5791.0975457  5798.21756661]
 [5304.71435293 5353.95394523 5400.47148462 5455.04750794 5499.43844962
  5542.31308144 5577.89451568 5606.25465858 5634.28203403 5663.64111966
  5681.5052841  5704.32282674 5720.25478716 5734.94362446 5739.44501088
  5755.78111405 5773.52123769 5787.69048525 5810.29104311 5825.01816973
  5839.33589048 5849.3101872 ]
 [5324.32278139 5374.31376863 5418.48611323 5478.35297282 5520.99170031
  5559.7776962  5597.32450123 5626.09839105 5653.43379811 5677.45563614
  5705.59045515 5723.81880052 5740.51947165 5762.74562182 5772.66365716
  5785.29480255 5805.4423864  5823.13523329 5843.77000951 5858.8445032
  5875.1516612  5884.37222539]
 [5345.36870095 5392.3268606  5455.09943996 5498.05093332 5537.83762763
  5579.84118905 5612.4052121  5643.74961768 5672.60719894 5694.1906313
  5714.94195664 5738.77374585 5764.83127973 5783.38524776 5794.59535008
  5816.11098094 5830.05429971 5846.80426595 5867.44181528 5880.76508335
  5906.01250202 5919.74467492]
 [5367.83265125 5431.68417049 5475.64574114 5517.35325535 5556.88206511
  5592.42016603 5627.81904485 5656.90283264 5686.40716473 5711.92416208
  5735.00446742 5754.06214824 5779.00464931 5795.49968814 5817.08707258
  5826.06155323 5844.19738604 5859.00533905 5877.36710381 5898.04701217
  5919.15625829 5919.42441306]
 [5402.08845359 5451.0034033  5495.43758356 5537.86010928 5575.05201322
  5610.97844045 5643.47054335 5676.0255513  5699.08611796 5723.92027998
  5744.98404863 5765.52724149 5784.66940512 5808.90500509 5830.26376492
  5843.34376116 5856.20184637 5877.92049271 5897.44588107 5904.28461132
  5925.79325784 5942.17535541]
 [5418.12749118 5468.01524562 5509.12347708 5549.74990557 5590.20727701
  5625.2512104  5656.77321382 5685.05170435 5710.90060139 5735.45939444
  5756.51354715 5774.26679264 5793.89435762 5810.15268422 5826.6884636
  5847.33968009 5862.2036041  5877.81551661 5895.25779436 5915.63825909
  5934.92620423 5909.42802331]
 [5431.52593435 5480.17140806 5522.68951147 5563.9958923  5600.38884916
  5634.1566768  5665.13565876 5692.85581801 5716.84015039 5740.57351805
  5760.31182255 5780.65240602 5798.16725711 5814.38862013 5832.74742084
  5847.26142984 5861.59554753 5873.37784826 5884.3879241  5895.51869287
  5906.61621455 5913.15829842]
 [5444.5908621  5493.25097145 5535.81519892 5571.17130923 5606.02751253
  5639.10283215 5671.16237983 5698.56515497 5719.38267832 5743.46157011
  5763.06443498 5781.36632044 5799.58518654 5817.78768093 5835.25984807
  5849.64367769 5863.01010219 5875.46373934 5885.19490372 5888.19217558
  5870.67548678 5846.39584292]
 [5462.86338496 5503.79460657 5539.73415741 5577.49732923 5613.59354176
  5644.76268487 5672.32325222 5693.52805477 5716.98443902 5740.67370737
  5763.66694433 5781.30700455 5795.48851799 5821.07788907 5835.62119016
  5849.31849383 5862.13925182 5872.25462554 5879.61974551 5878.97933197
  5875.12676929 5812.01302645]
 [5474.50660258 5507.93881112 5545.16967415 5578.20702633 5613.63559241
  5642.42079466 5668.40356433 5688.12142983 5710.9239014  5733.56005866
  5755.9898854  5776.59356954 5793.1498516  5815.13453788 5840.34325793
  5852.15938526 5864.22983694 5873.35924587 5880.2318176  5881.01745399
  5877.64039505 5830.64577522]]