[[ 47.  47.  49.  51.  54.  55.  58.  58.  59.  57.  59.  57.  55.  51.
   52.  50.  50.  47.  45.  42.  39.  36.]
 [ 48.  49.  53.  54.  57.  58.  62.  61.  61.  61.  60.  60.  60.  57.
   54.  53.  53.  49.  47.  47.  46.  40.]
 [ 50.  55.  57.  57.  61.  66.  66.  67.  66.  64.  63.  65.  62.  61.
   62.  60.  58.  58.  54.  51.  50.  47.]
 [ 57.  59.  60.  64.  66.  66.  71.  72.  67.  65.  68.  70.  68.  67.
   67.  67.  65.  61.  59.  56.  54.  53.]
 [ 58.  59.  66.  66.  70.  76.  75.  73.  73.  75.  73.  73.  71.  69.
   70.  69.  66.  65.  63.  62.  57.  54.]
 [ 59.  62.  68.  70.  77.  77.  79.  75.  79.  77.  76.  77.  77.  75.
   74.  71.  68.  68.  65.  63.  62.  58.]
 [ 62.  67.  69.  74.  78.  83.  82.  86.  83.  84.  84.  83.  79.  78.
   76.  73.  72.  70.  67.  65.  64.  60.]
 [ 67.  69.  76.  79.  84.  85.  85.  87.  88.  87.  86.  87.  85.  82.
   80.  76.  75.  74.  70.  66.  66.  62.]
 [ 70.  74.  79.  85.  88.  91.  92.  93.  95.  91.  91.  90.  91.  87.
   82.  82.  78.  76.  72.  71.  67.  64.]
 [ 73.  73.  84.  85.  92.  95.  99.  98.  99.  98.  97.  94.  91.  89.
   88.  87.  85.  80.  74.  72.  68.  65.]
 [ 74.  80.  87.  91.  96.  98. 101. 104. 103. 104. 103.  98.  96.  94.
   92.  90.  87.  84.  81.  79.  72.  66.]
 [ 75.  86.  86.  93.  96. 100. 103. 106. 108. 105. 103. 103.  98.  96.
   96.  91.  89.  86.  82.  79.  78.  70.]
 [ 78.  84.  88.  93.  96. 104. 107. 108. 106. 106. 104. 102.  99.  99.
  100.  95.  94.  92.  87.  84.  80.  77.]
 [ 76.  84.  91.  93.  99. 103. 106. 107. 108. 105. 104. 102. 104. 102.
  101.  98.  94.  91.  89.  85.  83.  78.]
 [ 77.  83.  89.  90.  98. 101. 105. 106. 107. 107. 107. 104. 104. 104.
  100.  97.  94.  91.  89.  85.  84.  80.]
 [ 73.  79.  87.  92.  95. 100. 103. 104. 104. 109. 108. 105. 105. 102.
  101.  96.  93.  92.  90.  86.  82.  79.]
 [ 73.  77.  84.  88.  90.  96. 100. 104. 106. 106. 105. 105. 103. 101.
   98.  96.  94.  91.  87.  85.  81.  78.]
 [ 72.  75.  84.  86.  89.  89.  96. 102. 103. 102. 101. 100. 101.  97.
   95.  93.  93.  88.  88.  83.  81.  78.]
 [ 67.  75.  80.  84.  86.  90.  96.  97.  98. 100.  99.  98.  98.  97.
   95.  95.  91.  88.  87.  84.  81.  76.]
 [ 64.  73.  76.  80.  84.  86.  94.  95.  96.  97.  98.  96.  96.  96.
   94.  92.  89.  87.  83.  82.  78.  76.]
 [ 62.  68.  76.  79.  81.  85.  89.  91.  94.  93.  95.  94.  92.  93.
   92.  88.  87.  85.  81.  80.  76.  74.]
 [ 62.  64.  71.  78.  80.  82.  85.  88.  88.  89.  87.  88.  91.  90.
   88.  88.  83.  82.  80.  78.  75.  71.]
 [ 54.  62.  67.  71.  77.  79.  80.  84.  87.  86.  86.  87.  88.  86.
   86.  86.  83.  81.  81.  78.  75.  70.]
 [ 53.  57.  61.  70.  75.  78.  77.  78.  83.  84.  85.  86.  85.  84.
   81.  80.  78.  79.  77.  76.  73.  66.]
 [ 49.  56.  60.  66.  72.  72.  73.  76.  80.  82.  83.  83.  80.  79.
   80.  80.  77.  78.  75.  72.  67.  63.]
 [ 46.  51.  59.  60.  65.  71.  71.  73.  76.  79.  80.  80.  78.  77.
   78.  78.  77.  74.  71.  69.  65.  60.]
 [ 44.  45.  54.  59.  61.  65.  70.  68.  69.  73.  75.  76.  76.  75.
   73.  71.  70.  67.  64.  63.  59.  57.]
 [ 42.  44.  47.  54.  57.  62.  62.  65.  67.  67.  69.  69.  70.  71.
   68.  67.  66.  65.  63.  60.  59.  54.]]