[[18. 15. 15. 15. 16. 13. 15. 14. 16. 14. 14. 15. 14. 14. 14. 13. 12. 12.
  13. 10.  9.  8.]
 [16. 15. 14. 16. 14. 15. 15. 16. 16. 17. 17. 17. 18. 18. 17. 16. 16. 14.
  13. 11. 10.  8.]
 [14. 14. 15. 15. 14. 17. 16. 17. 18. 17. 19. 18. 20. 19. 19. 18. 18. 16.
  15. 13. 11.  8.]
 [14. 15. 16. 16. 16. 17. 17. 19. 19. 21. 21. 22. 24. 24. 23. 21. 22. 20.
  17. 15. 14. 11.]
 [15. 15. 17. 18. 17. 16. 19. 21. 21. 25. 26. 24. 27. 27. 25. 26. 23. 21.
  19. 15. 13. 13.]
 [14. 14. 18. 18. 17. 18. 21. 22. 25. 27. 27. 28. 29. 29. 29. 28. 26. 23.
  21. 20. 14. 14.]
 [14. 12. 16. 16. 17. 21. 22. 23. 28. 26. 27. 29. 33. 32. 31. 30. 29. 27.
  22. 20. 19. 17.]
 [13. 13. 15. 17. 21. 21. 23. 28. 30. 28. 31. 32. 32. 35. 33. 33. 31. 30.
  25. 23. 21. 19.]
 [14. 13. 14. 16. 17. 19. 23. 28. 29. 29. 32. 32. 38. 38. 36. 35. 38. 32.
  29. 27. 23. 18.]
 [12. 13. 16. 16. 18. 18. 22. 26. 29. 30. 31. 33. 39. 35. 35. 37. 36. 31.
  30. 28. 25. 24.]
 [12. 13. 14. 16. 18. 21. 23. 26. 30. 29. 33. 37. 38. 37. 41. 40. 40. 39.
  35. 32. 27. 24.]
 [14. 14. 15. 15. 17. 20. 22. 27. 29. 33. 34. 37. 41. 44. 44. 42. 44. 37.
  38. 35. 30. 26.]
 [13. 13. 18. 16. 19. 21. 28. 28. 31. 34. 38. 38. 41. 41. 45. 45. 43. 40.
  38. 33. 31. 24.]
 [13. 13. 17. 17. 22. 26. 28. 29. 29. 36. 36. 40. 43. 45. 47. 46. 44. 42.
  37. 34. 32. 26.]
 [11. 13. 17. 16. 23. 24. 27. 32. 35. 38. 42. 41. 42. 45. 46. 45. 45. 42.
  38. 34. 33. 26.]
 [15. 16. 17. 20. 22. 26. 29. 33. 37. 38. 42. 42. 46. 46. 45. 45. 42. 39.
  37. 33. 31. 28.]
 [16. 18. 20. 24. 27. 28. 30. 35. 36. 41. 46. 44. 45. 48. 49. 45. 43. 36.
  36. 33. 26. 25.]
 [17. 20. 21. 24. 30. 31. 35. 37. 40. 42. 44. 49. 46. 47. 50. 49. 41. 38.
  34. 29. 29. 23.]
 [18. 22. 25. 27. 28. 32. 34. 34. 40. 44. 48. 51. 48. 47. 50. 45. 42. 36.
  33. 29. 27. 22.]
 [19. 23. 25. 27. 30. 30. 33. 38. 39. 39. 48. 47. 45. 44. 44. 45. 42. 37.
  35. 29. 27. 23.]
 [20. 22. 24. 27. 33. 30. 30. 36. 39. 42. 44. 45. 44. 41. 41. 42. 44. 41.
  38. 31. 28. 26.]
 [19. 21. 25. 27. 29. 31. 31. 34. 35. 41. 40. 41. 43. 43. 42. 42. 40. 37.
  34. 29. 29. 25.]
 [18. 21. 23. 26. 27. 28. 29. 31. 32. 37. 39. 41. 42. 43. 41. 38. 39. 33.
  31. 25. 24. 21.]
 [17. 21. 22. 24. 26. 25. 28. 30. 32. 31. 35. 37. 40. 39. 35. 34. 32. 29.
  28. 24. 24. 18.]
 [16. 19. 21. 22. 25. 25. 27. 30. 30. 32. 32. 36. 36. 36. 34. 31. 29. 24.
  23. 21. 19. 18.]
 [14. 15. 20. 24. 25. 24. 24. 25. 28. 28. 32. 33. 31. 30. 27. 27. 26. 23.
  20. 16. 14. 13.]
 [13. 15. 17. 19. 21. 23. 23. 22. 27. 27. 29. 28. 29. 25. 23. 23. 20. 18.
  17. 14. 14.  9.]
 [12. 13. 16. 16. 19. 20. 20. 21. 24. 24. 26. 27. 26. 22. 22. 19. 18. 16.
  14. 12. 11.  9.]]