[[5281.91764473 5301.67936328 5332.93567511 5351.56347914 5352.07967993
  5375.73742129 5385.38465988 5399.27881981 5414.87024161 5443.58324401
  5460.2860229  5498.05172392 5518.22342984 5566.49091354 5577.35557706
  5651.35755887 5689.17872867 5725.04062427 5774.88563636 5835.31460788
  5896.81722301 5964.4361651 ]
 [5282.27143644 5306.29632699 5332.87213014 5352.61061723 5356.05609286
  5373.90706681 5383.40185414 5399.31890077 5406.81166056 5433.51464688
  5451.69428903 5481.11594636 5495.47072313 5522.72713341 5569.36015115
  5598.25798665 5629.49119163 5663.886716   5717.02931056 5759.62975478
  5811.5319055  5878.60856007]
 [5275.51738435 5304.57940801 5322.53905035 5348.12983272 5355.04950187
  5364.51388237 5381.64227056 5397.25675567 5398.59507792 5424.92117046
  5445.38368893 5456.20275565 5480.56231242 5492.26869727 5529.9341542
  5551.68515089 5579.33068097 5610.58621959 5648.24366986 5697.79236347
  5745.37428434 5804.89411974]
 [5284.35806899 5301.63252585 5322.90459627 5344.39116821 5353.36610072
  5359.73903355 5374.74157957 5393.85563924 5414.18520045 5421.58611279
  5426.09738894 5443.00191163 5462.64658714 5479.27631633 5499.4253536
  5516.97844255 5538.25183337 5570.29219863 5598.86738406 5637.53002311
  5684.00687584 5731.57882739]
 [5291.10560289 5303.67828452 5318.71348951 5341.55596946 5347.44669693
  5361.28863028 5379.00402564 5388.670028   5403.17231015 5414.95088611
  5423.56634344 5439.47633821 5447.85445425 5463.27274747 5480.4235919
  5501.11732567 5516.98419059 5540.18411028 5565.17003616 5593.0223835
  5632.10843857 5681.91928213]
 [5283.22346287 5292.00697391 5311.48451366 5339.60030276 5343.59996607
  5358.17929582 5374.6176975  5387.90991816 5400.39538487 5410.98386136
  5428.57663153 5432.44110994 5441.71127688 5456.86143825 5474.23796015
  5489.20477753 5503.73919728 5525.07969805 5543.45831829 5569.96519558
  5598.95276291 5642.31890816]
 [5278.17239794 5288.71210953 5306.82065383 5329.84172989 5335.62126474
  5356.10999701 5374.08939307 5390.53870009 5401.62167422 5416.64443881
  5428.7113761  5433.22115844 5441.6089791  5457.69486856 5473.95740179
  5486.40214031 5502.92423096 5517.43085816 5532.65663402 5554.56234719
  5582.18367439 5615.07780927]
 [5268.47863373 5283.72164221 5314.88666808 5334.0321033  5336.368379
  5357.52956393 5376.90447379 5389.65417892 5407.20128459 5414.58259973
  5431.36206924 5439.44021809 5453.46411331 5465.3392662  5480.12327491
  5492.11960265 5506.35744714 5521.66901416 5533.85112525 5551.57882868
  5575.14055484 5600.81395082]
 [5271.48920173 5294.54350612 5315.99733985 5334.96917132 5347.60396429
  5362.08601264 5381.71751532 5395.75214243 5409.81293773 5424.42585688
  5437.28117083 5449.08905484 5467.52994401 5481.69168777 5492.23099325
  5507.54490989 5517.74396463 5531.14565132 5542.17395822 5560.80209105
  5576.41550403 5602.42881646]
 [5263.47468038 5289.97510414 5314.06612645 5336.99453384 5359.53863354
  5365.29105121 5387.65576737 5404.2231619  5419.73951267 5435.42442513
  5455.58361576 5464.64131787 5478.07549823 5498.44065627 5512.47519105
  5526.55366932 5540.71984742 5550.98617731 5552.68872478 5567.95605132
  5588.81528941 5609.56468238]
 [5265.59456369 5293.46562444 5324.01995755 5343.49381441 5366.70552501
  5373.24383191 5394.19424769 5416.17136054 5435.22871585 5454.44858101
  5474.18119316 5482.83363075 5498.94611929 5516.01027548 5529.9133479
  5542.8525511  5557.72137785 5569.89181332 5580.39802864 5596.8180954
  5616.33898478 5617.77901686]
 [5276.13041707 5303.89048492 5332.88030904 5351.04267269 5377.24738151
  5396.19055038 5407.76164985 5429.19115404 5450.35519324 5468.3606667
  5485.00946865 5501.36716609 5517.84845488 5532.8893558  5547.44791037
  5560.14903739 5573.96439945 5585.77152902 5595.09871099 5613.75833951
  5631.80662692 5651.31477912]
 [5279.6198325  5307.76176354 5338.01421772 5364.65073139 5395.1347785
  5406.42298769 5425.22069086 5443.31658083 5461.33725131 5485.00408181
  5502.92631939 5516.73982051 5533.13214537 5548.1969114  5576.95944336
  5584.90074801 5601.09126501 5612.97861595 5627.78065828 5639.41100986
  5654.74909875 5675.36663837]
 [5285.01989545 5322.18645083 5345.54919134 5377.66869579 5404.013625
  5426.74049147 5442.1881612  5456.26619652 5480.12001554 5498.86786735
  5518.72234257 5538.98480445 5569.2107694  5579.14904153 5594.97581704
  5607.21286861 5615.22386753 5633.62719557 5644.30855976 5659.57156886
  5675.70465566 5690.20701534]
 [5292.72887172 5332.49376126 5359.44858763 5391.7658584  5422.18492906
  5443.67180192 5463.52171634 5480.35819619 5494.61356902 5523.23521419
  5553.73309838 5567.20221164 5585.01536003 5597.92603559 5611.83121052
  5626.07349426 5639.09601852 5647.6975351  5664.81259043 5676.24665336
  5691.92159583 5710.06479827]
 [5311.71486974 5350.37914156 5374.45400653 5412.98951603 5437.84370476
  5461.16150265 5479.14190593 5500.91534718 5535.64493051 5551.41177281
  5571.77914097 5585.17835882 5598.99951572 5617.51377816 5634.40614098
  5645.63786753 5659.36867399 5671.82441743 5682.88771949 5698.95106886
  5710.20127238 5732.34319122]
 [5326.8778377  5362.59298339 5406.34984352 5437.16389434 5475.63862897
  5495.38373654 5513.32545483 5537.14765646 5564.85109506 5585.99009275
  5602.57637967 5606.63055182 5619.33067413 5638.81872698 5656.57137457
  5668.58986467 5679.78300587 5692.52594327 5708.21904425 5720.95448642
  5733.55390139 5755.30707156]
 [5336.27720083 5389.25324969 5429.25084827 5459.32595464 5496.66327421
  5526.36314286 5547.31957782 5566.06540861 5587.55352891 5608.18417973
  5630.01273581 5646.13764946 5657.04866298 5676.1146688  5685.89738707
  5698.05369198 5713.38538863 5721.88754711 5736.69343195 5747.58149623
  5760.51496038 5772.75035693]
 [5364.48055811 5409.21008998 5443.67756076 5478.45537357 5510.94817372
  5547.65936636 5569.23632764 5592.85822563 5612.324014   5630.67127471
  5653.98167423 5674.27751029 5686.00779964 5699.3707105  5714.79266602
  5724.61329849 5733.81449944 5741.36403952 5757.22792724 5769.11154346
  5780.2637811  5794.82113963]
 [5375.69222331 5421.17606879 5456.85890818 5496.06473874 5532.36413627
  5565.10246577 5584.9010901  5610.0808773  5634.07934139 5653.50456455
  5673.93042391 5695.3925162  5710.80209298 5722.27807177 5739.85464226
  5753.53286405 5765.81978561 5774.5517438  5785.61410549 5799.55979769
  5810.63545305 5811.37321271]
 [5384.32496798 5426.59152385 5465.28838349 5505.63118867 5545.91688533
  5582.36226623 5604.91396352 5628.80043923 5651.17423008 5676.40222184
  5694.83882982 5715.75979658 5739.36720632 5746.18066511 5763.3567905
  5777.8528221  5791.93440095 5804.92505853 5814.28920544 5828.64841424
  5830.50411608 5838.17521683]
 [5394.66147836 5434.54570197 5477.01416637 5518.60425492 5556.53094171
  5593.0459514  5620.74304164 5645.70408664 5673.8107307  5698.81807088
  5726.1627071  5745.27579422 5757.55708499 5769.6238598  5779.01209839
  5796.47257181 5809.1806227  5827.50852716 5840.87993525 5843.2925628
  5855.22142358 5861.25601197]
 [5399.78464131 5441.25108867 5488.47345958 5530.63376849 5569.8833028
  5605.47842131 5636.25402721 5661.76430167 5686.89779423 5715.59248398
  5740.89565707 5761.08825708 5780.45170255 5790.78565678 5799.31961265
  5814.50307136 5825.83882747 5845.59140262 5852.42428044 5860.94295216
  5866.59795071 5873.75280811]
 [5411.76798072 5453.4254966  5494.88732945 5535.23888801 5574.00850214
  5612.17441752 5649.55925933 5675.80361703 5700.22602821 5729.39720603
  5753.60000057 5775.82705168 5796.35805124 5807.69299917 5822.58779981
  5842.92834202 5850.6938459  5864.3063648  5865.80864207 5874.95641149
  5887.00437514 5889.15672995]
 [5416.6694686  5458.35492189 5501.15847564 5538.6218289  5577.35954344
  5622.24077889 5658.49865293 5690.08160083 5713.02628825 5737.50529474
  5763.53722326 5787.8831077  5811.39455439 5823.84632967 5838.48273052
  5857.39071263 5871.54484862 5872.3637417  5882.68471347 5894.46184614
  5908.69798904 5911.90112713]
 [5420.34475248 5462.17198427 5506.54807825 5552.39106226 5589.47924089
  5625.49964344 5659.27638787 5693.55457141 5723.50471253 5747.48599678
  5776.89912308 5800.19928276 5814.88994428 5832.89415728 5849.54046629
  5866.56877182 5876.42262749 5889.98208363 5902.6815578  5909.48511312
  5917.30288903 5922.30412661]
 [5425.27983372 5479.96966112 5518.33886259 5555.85493527 5592.21288324
  5627.03421276 5669.16035662 5708.53813689 5737.96711498 5760.09648277
  5782.2969799  5798.30098781 5820.66799472 5839.0413222  5858.69591788
  5876.40937519 5885.42251942 5898.47988127 5909.80459391 5917.74105087
  5928.38717535 5927.66185005]
 [5443.10343193 5482.78457235 5521.07015223 5557.05338042 5591.67924191
  5639.88880481 5681.17105062 5713.98344776 5744.28563258 5771.39701982
  5789.53556949 5804.15122128 5823.77604506 5846.20278146 5862.69723329
  5879.36932921 5892.79470317 5904.96472555 5916.05071983 5926.25466267
  5933.43678203 5941.13358033]]