[[5303.80787972 5337.51664494 5364.73286999 5400.66727748 5425.68409421
  5443.39180117 5458.72752896 5469.59387906 5480.99205774 5490.01788724
  5500.35778379 5515.66950201 5536.87585658 5562.54558593 5589.34019502
  5612.20865657 5635.81369859 5659.95509104 5688.67338162 5702.9996205
            nan           nan]
 [5290.32369873 5315.88711552 5339.50742333 5367.71655861 5394.40422786
  5416.77320343 5432.75928461 5450.16832961 5468.21223288 5474.13112451
  5483.87109771 5497.34188713 5516.89823335 5538.70244247 5557.31721742
  5580.69589104 5613.82974432 5638.38860464 5658.85532646 5686.36459566
  5708.37459793 5719.11523073]
 [5264.13208457 5285.8936033  5302.9669504  5332.54021223 5360.38264483
  5385.39510803 5406.57335387 5429.95701076 5445.19568756 5452.86490002
  5463.35517414 5472.46496796 5487.21089499 5504.61684778 5523.5430422
  5547.53581181 5580.05229138 5612.63227414 5641.79415358 5668.76200729
  5693.14892565 5716.8959533 ]
 [5241.63337243 5260.49132121 5284.46789863 5310.59923475 5338.159748
  5363.64268526 5385.73896904 5403.01920681 5410.06811761 5423.44892895
  5427.19294134 5432.92487152 5448.34604796 5459.63877098 5480.16866814
  5505.12875924 5527.80218373 5567.25585785 5607.72399691 5641.86977471
  5668.99551398 5696.98130152]
 [5222.91810828 5239.98185856 5262.44100403 5290.79683009 5324.98408094
  5351.25144853 5373.63457959 5387.17400739 5386.19440347 5393.52493455
  5396.53460288 5396.4934521  5405.85366979 5423.66849043 5440.50630951
  5461.4924674  5479.26790663 5526.80330373 5574.67296447 5615.04516714
  5647.07494822 5670.60319595]
 [5199.09224027 5222.56703107 5248.40277476 5278.60444466 5313.86410355
  5343.19660746 5368.32345988 5380.76706705 5382.02725857 5386.10355706
  5389.42064299 5386.21074401 5391.23529922 5407.93208312 5422.76657766
  5438.31071847 5455.26936021 5488.69616578 5537.44721277 5586.10793768
  5628.92311975 5652.45915139]
 [5176.47557371 5203.71985073 5233.83720805 5266.4019045  5303.32622379
  5341.69030739 5367.4244606  5381.90126492 5387.26348043 5391.79362821
  5394.23743443 5394.55150583 5398.62168955 5405.57976339 5414.97223048
  5423.87315788 5440.2458028  5464.58966858 5514.27773433 5559.72763251
  5600.05855255 5628.60078313]
 [5160.39260813 5189.49116326 5223.89169601 5257.90807942 5301.55819007
  5345.0270889  5372.07748702 5391.349714   5404.6035147  5411.89494476
  5416.47237598 5416.88682916 5414.15753673 5417.12941928 5420.05149294
  5424.50731257 5435.25137202 5462.79772908 5507.4695078  5549.30677208
  5583.24694581 5613.74423494]
 [5179.68354992 5192.55109272 5225.7746792  5267.42398459 5311.13983002
  5348.0260235  5380.76081407 5406.16746547 5422.0477155  5432.01134647
  5435.77676178 5435.74557787 5434.96482898 5428.86421558 5427.42978035
  5428.49027285 5430.69767261 5452.85365942 5493.94359379 5532.49833548
  5566.77847252 5597.08779008]
 [5186.13062789 5219.47868544 5253.6669367  5284.97201039 5325.67264623
  5362.08112746 5396.08680414 5425.40271883 5443.88573016 5456.62386772
  5456.95140719 5455.01509524 5446.04883165 5436.75851579 5429.36625972
  5427.62581396 5429.24596098 5435.45504921 5473.64161851 5513.54780525
  5552.4794138  5582.10778677]
 [5186.84646314 5225.95681526 5263.10864178 5302.52939949 5340.92814883
  5380.10771915 5415.18165782 5448.30777017 5471.50099748 5481.10327417
  5482.02942774 5476.77206043 5465.52480044 5453.29827842 5441.53077782
  5434.99173519 5426.84005989 5426.13045324 5457.84744088 5501.81395606
  5539.79608018 5571.11096104]
 [5189.64132905 5231.2085516  5279.40495846 5323.38871757 5359.43891933
  5396.49819797 5434.68079028 5472.77245822 5498.81849488 5508.16099808
  5508.33935934 5503.81334023 5493.70579538 5481.58905257 5471.18800807
  5453.90238716 5432.42900832 5428.57865896 5461.39098961 5499.36799268
  5533.14947614 5571.26030395]
 [5179.03777423 5222.57331737 5282.41724349 5344.74426222 5375.27597363
  5415.56355204 5457.86502515 5493.9183166  5519.33427115 5534.55449016
  5538.3587545  5535.83733104 5527.75713388 5516.27268858 5502.49256973
  5484.4889081  5460.35109749 5451.49533964 5472.53879418 5517.73687525
  5557.44189033 5594.05350395]
 [5139.45150094 5210.16658056 5281.53750511 5347.07008903 5394.10355774
  5439.1670368  5480.68363627 5509.49610838 5537.2502538  5558.3373942
  5568.33572087 5570.71729619 5567.06489952 5558.87208115 5545.33380897
  5526.46275897 5512.33324617 5508.0611852  5521.51625839 5562.2789082
  5603.64603561 5645.92823626]
 [5074.6159755  5158.78056388 5279.876822   5348.27108    5414.54674335
  5459.30786811 5498.47220122 5531.64492992 5557.45612335 5581.39598814
  5595.53608334 5601.19091157 5602.87155949 5602.40091348 5596.40108763
  5581.33858765 5570.3024981  5573.13079735 5588.33095617 5623.09835758
  5667.24422064 5710.07484484]
 [5076.80235299 5152.23975003 5273.07972359 5364.06096646 5433.9668242
  5483.17719236 5517.04419932 5548.31946663 5574.44833701 5597.10188206
  5617.03457284 5631.117852   5639.29138965 5643.88585906 5641.11186508
  5637.68476694 5633.7879197  5640.43256505 5655.22280558 5689.07328092
  5733.4459382  5775.52005424]
 [5116.76993994 5207.75013739 5312.88987052 5389.14985777 5461.09488818
  5508.20387095 5532.14839378 5559.05875991 5590.18930981 5615.12731922
  5638.09795695 5657.44782026 5670.68821585 5681.91505292 5685.96883248
  5688.40237136 5691.32400955 5701.6111024  5716.14124532 5751.70472085
  5791.29014764 5824.82423859]
 [5185.17666655 5281.32457475 5367.00344807 5425.15241257 5490.99841407
  5528.50498093 5545.86990427 5577.88538054 5605.89634123 5634.40297914
  5657.8010168  5678.10775215 5696.14632894 5711.66118988 5726.09636596
  5734.52639742 5742.7236372  5753.64714886 5768.86836439 5796.43913239
  5836.48910625 5866.64172941]
 [5256.66356865 5350.28269705 5411.62803976 5467.49486803 5516.85952203
  5548.45557804 5572.22190289 5602.73073275 5627.24973559 5653.93679859
  5678.34208472 5701.57866486 5722.04610627 5740.4393819  5757.00657587
  5771.74045902 5783.80479081 5794.72487235 5806.47405058 5826.17997776
  5859.25946567 5888.64353583]
 [5313.96243632 5398.40758283 5456.92294075 5493.77576676 5535.95376388
  5568.66945613 5596.0316863  5623.3944124  5650.75571052 5674.73011116
  5699.13088169 5722.37832359 5742.1860217  5762.80654361 5781.68466246
  5796.76927868 5810.76235911 5820.27432016 5832.28201213 5845.58791362
  5866.85056763 5907.08675025]
 [5311.59421723 5395.34216945 5477.82627247 5499.37631852 5549.26567098
  5592.31816783 5619.41501973 5645.32118165 5670.33117765 5694.26188327
  5717.4936895  5738.67313248 5759.83223569 5778.64729751 5797.34465824
  5816.37627364 5832.95327997 5844.29545892 5853.78308445 5865.77311544
  5879.22929699           nan]
 [5293.10729065 5380.31707992 5459.08949132 5521.65152494 5569.94103145
  5615.03737975 5639.7707272  5663.22350425 5687.10912893 5710.48057516
  5733.08774166 5754.30843234 5773.67857174 5791.05535502 5809.25413142
  5827.93302362 5845.05269168 5859.73318368 5870.75307365 5879.48077087
  5889.48629244           nan]
 [5312.03635975 5395.14091518 5480.02755639 5543.79236384 5590.97742918
  5628.70617843 5655.79893492 5679.65759113 5701.05783078 5722.84293562
  5745.61831498 5765.20762567 5784.41883841 5802.35025542 5819.58537368
  5834.16273988 5850.10400968 5866.55029665 5876.64268458 5888.22154109
  5897.3818093            nan]
 [5336.02722031 5422.74054946 5500.25940609 5556.3916611  5599.34086273
  5635.55978259 5663.39437241 5688.39731233 5709.90496673 5731.55499832
  5753.28448729 5773.13152414 5792.13646395 5808.38602422 5824.67232048
  5838.87040473 5851.5150033  5863.56157897 5874.33244805           nan
            nan           nan]
 [5359.99165034 5447.59981572 5512.1844797  5560.76404947 5602.54105188
  5638.61715572 5667.48297521 5693.61110971 5716.7173162  5737.19898254
  5758.906871   5779.31810473 5798.62579757 5812.78554705 5826.96795998
  5841.80194702 5854.47066837 5865.00398153 5873.9044207  5874.55189641
            nan           nan]
 [5400.16295294 5478.81840304 5521.55031444 5562.51706251 5604.47796228
  5638.6432273  5667.85270212 5692.6450193  5717.6437835  5740.54383221
  5763.88906759 5784.27249563 5804.67351159 5817.90527518 5832.41302879
  5846.43963347 5859.90599276 5869.4785755  5875.64511065 5879.1867342
  5880.97653886           nan]
 [5441.16040241 5497.50265319 5533.95903057 5567.32502264 5601.68915099
  5634.3047476  5665.31345615 5688.73962063 5717.14003325 5741.53702447
  5766.8562833  5788.55006496 5807.51778719 5825.24122805 5838.34713648
  5854.12991267 5868.57019065 5876.73739956 5882.86730049 5886.04930905
  5886.36462566 5889.83070161]
 [5477.45071643 5513.8655076  5546.51326804 5570.15878076 5594.40562559
  5626.46725538 5655.65274094 5683.58077357 5712.69339196 5739.78150927
  5768.50484974 5793.933849   5813.95779827 5830.63221367 5845.98697398
  5865.92542901 5877.84070561 5884.96509333 5889.18248725 5891.74024053
  5892.01799797 5892.99554752]]