[[-1.85281060e+01 -4.37363923e+00  3.85290926e+00  1.25803099e+01
   1.87140848e+01  2.56348969e+01  3.06570212e+01  3.22374896e+01
   3.05809358e+01  3.07975932e+01  3.14463701e+01  3.20652456e+01
   3.61090526e+01  4.15826327e+01  4.96301772e+01  5.71454806e+01
   6.63119615e+01  7.65958868e+01  9.03159332e+01  9.54773528e+01
   9.74501863e+01  9.84758897e+01]
 [-2.43981210e+01 -1.20422100e+01 -3.67005644e+00  5.58223362e+00
   1.20062363e+01  1.76416562e+01  2.11499336e+01  2.30977836e+01
   2.36129083e+01  2.16088926e+01  2.08715232e+01  2.09991543e+01
   2.28922734e+01  2.82067710e+01  3.25475562e+01  4.15656420e+01
   5.60608668e+01  6.47211333e+01  7.46754576e+01  8.70245818e+01
   9.66362768e+01  9.89022098e+01]
 [-3.47444947e+01 -2.29452316e+01 -1.53667254e+01 -7.61505801e+00
   2.58006571e-01  7.92646836e+00  1.02655431e+01  1.24826223e+01
   1.18772550e+01  1.08706637e+01  9.78854903e+00  7.48637591e+00
   8.46672053e+00  1.13427879e+01  1.44140291e+01  2.51171752e+01
   4.07037520e+01  5.36175273e+01  6.49427073e+01  7.72627644e+01
   8.65859237e+01  9.88432567e+01]
 [-4.42579286e+01 -3.48972926e+01 -2.77835697e+01 -2.12412983e+01
  -1.33575639e+01 -5.84829060e+00 -7.28376729e-01  3.90535522e-01
  -1.95785926e+00 -2.45738231e+00 -5.10798437e+00 -8.88657921e+00
  -6.83255636e+00 -4.94766193e+00 -1.72200610e+00  8.76154549e+00
   2.20928540e+01  3.78257077e+01  5.23928653e+01  6.26261763e+01
   7.29396381e+01  8.66995197e+01]
 [-5.10556250e+01 -4.47147627e+01 -4.04187017e+01 -3.35732266e+01
  -2.67297311e+01 -2.01390184e+01 -1.51423608e+01 -1.21834620e+01
  -1.49015574e+01 -1.66185323e+01 -2.05619283e+01 -2.24555207e+01
  -2.18441930e+01 -2.05364931e+01 -1.82941200e+01 -7.65385832e+00
   5.99133961e+00  2.41233509e+01  3.99840488e+01  5.10718335e+01
   5.94312272e+01  6.99313271e+01]
 [-5.80655460e+01 -5.16832802e+01 -4.53307265e+01 -3.96302479e+01
  -3.44820933e+01 -3.05426976e+01 -2.58652663e+01 -2.30442988e+01
  -2.58958625e+01 -2.93571532e+01 -3.10647069e+01 -3.23290112e+01
  -3.44008434e+01 -3.32167139e+01 -3.15446917e+01 -2.29430909e+01
  -6.91732610e+00  1.03787957e+01  2.68180754e+01  4.16988447e+01
   4.93696696e+01  5.77383013e+01]
 [-6.81951176e+01 -6.02968442e+01 -5.11449876e+01 -4.39508346e+01
  -3.84700081e+01 -3.28895865e+01 -2.91160913e+01 -2.75481296e+01
  -3.06276281e+01 -3.36362500e+01 -3.60080078e+01 -3.79975078e+01
  -3.99934310e+01 -4.20444278e+01 -4.21490381e+01 -3.69966406e+01
  -2.04888976e+01 -3.63272678e+00  1.16656980e+01  2.62972896e+01
   3.49550016e+01  4.42767726e+01]
 [-7.68678155e+01 -6.73454446e+01 -5.54795396e+01 -4.74481971e+01
  -4.22510916e+01 -3.47351005e+01 -3.01903340e+01 -2.70166797e+01
  -2.61982171e+01 -2.69363805e+01 -3.03543976e+01 -3.57946029e+01
  -3.98940780e+01 -4.23606673e+01 -4.48129061e+01 -4.24888506e+01
  -3.15036578e+01 -1.59369935e+01 -1.38804051e-01  1.19462321e+01
   2.04559969e+01  2.89784886e+01]
 [-7.62112966e+01 -6.73373690e+01 -5.79837041e+01 -4.93039454e+01
  -4.24499736e+01 -3.49985149e+01 -2.72910667e+01 -2.35505399e+01
  -2.06310156e+01 -1.99631288e+01 -2.48525586e+01 -3.09241739e+01
  -3.63978922e+01 -4.17307366e+01 -4.55731894e+01 -4.66051648e+01
  -4.10592912e+01 -2.99796308e+01 -1.54183780e+01 -2.60258656e+00
   6.22597402e+00  1.50460949e+01]
 [-7.37668447e+01 -6.43844279e+01 -5.78356238e+01 -4.98624782e+01
  -4.24382695e+01 -3.35987270e+01 -2.42602621e+01 -1.84446720e+01
  -1.56196941e+01 -1.43791454e+01 -1.94903465e+01 -2.61156629e+01
  -3.22953425e+01 -3.95733597e+01 -4.74883814e+01 -5.14198722e+01
  -4.95125419e+01 -4.29763247e+01 -3.24181016e+01 -2.08206328e+01
  -9.33635742e+00 -2.52775339e-01]
 [-7.05949784e+01 -6.23065945e+01 -5.57431604e+01 -4.82859538e+01
  -4.16707685e+01 -3.21030794e+01 -2.24362017e+01 -1.56792147e+01
  -1.17549441e+01 -1.16129693e+01 -1.59333142e+01 -2.23258625e+01
  -2.87372379e+01 -3.79929719e+01 -4.83089491e+01 -5.57289079e+01
  -5.82367827e+01 -5.52371905e+01 -4.59518686e+01 -3.37483688e+01
  -2.33394367e+01 -1.02741808e+01]
 [-7.49760200e+01 -6.23429276e+01 -5.18875377e+01 -4.44218313e+01
  -3.93443766e+01 -3.12775278e+01 -2.10417951e+01 -1.32144537e+01
  -8.95059057e+00 -7.90004341e+00 -1.22395236e+01 -1.76067297e+01
  -2.41534905e+01 -3.40438547e+01 -4.39126949e+01 -5.41073984e+01
  -6.41112058e+01 -6.16113846e+01 -5.40193028e+01 -4.41261465e+01
  -3.40132750e+01 -2.01790820e+01]
 [-9.33314749e+01 -7.67424562e+01 -5.78781498e+01 -4.07569517e+01
  -3.76797728e+01 -3.03835154e+01 -1.95645781e+01 -1.21134656e+01
  -7.18629225e+00 -4.49731618e+00 -7.33405113e+00 -1.22090270e+01
  -1.90118572e+01 -2.80757227e+01 -3.81826265e+01 -4.83619222e+01
  -5.80323851e+01 -6.14994276e+01 -5.75858404e+01 -4.65027321e+01
  -3.25788166e+01 -1.68348828e+01]
 [-1.18027098e+02 -9.61060106e+01 -7.03763334e+01 -4.71905819e+01
  -3.64598857e+01 -2.90146610e+01 -1.90921248e+01 -1.28126279e+01
  -6.84600234e+00 -2.28117442e+00 -2.46883961e+00 -5.61442781e+00
  -1.14181381e+01 -2.00686818e+01 -2.91995343e+01 -3.74161576e+01
  -4.33484050e+01 -4.79740989e+01 -4.37881139e+01 -3.21667720e+01
  -1.45667137e+01  6.09189213e+00]
 [-1.39603546e+02 -1.06686621e+02 -8.22379837e+01 -5.55649455e+01
  -3.58733668e+01 -3.02187449e+01 -2.11697452e+01 -1.32238263e+01
  -6.35469913e+00 -1.22913234e+00  1.65485153e+00  6.29887020e-01
  -3.12041115e+00 -8.98432148e+00 -1.41790121e+01 -2.00052871e+01
  -2.44437197e+01 -2.44206950e+01 -1.95952718e+01 -7.35576311e+00
   9.16645181e+00  2.68891145e+01]
 [-1.48950193e+02 -1.12575997e+02 -8.46836526e+01 -6.08429047e+01
  -3.90089925e+01 -3.08324826e+01 -2.47136457e+01 -1.54384953e+01
  -7.45996361e+00 -1.31936816e+00  4.04850272e+00  5.88536308e+00
   6.11156210e+00  3.55012299e+00  3.91163036e-01 -2.19171937e+00
  -4.31220206e+00 -2.32255325e+00  3.29180071e+00  1.47962916e+01
   2.97020811e+01  4.71794497e+01]
 [-1.47641688e+02 -1.15899940e+02 -8.36672851e+01 -6.15962120e+01
  -3.97246554e+01 -3.20470481e+01 -2.61944637e+01 -1.70956896e+01
  -8.66429505e+00 -2.02886379e+00  4.21913932e+00  1.02056920e+01
   1.19717625e+01  1.38977328e+01  1.32799515e+01  1.31853330e+01
   1.25373760e+01  1.59436575e+01  2.27855158e+01  3.33051330e+01
   4.72556459e+01  6.07239419e+01]
 [-1.36436327e+02 -1.11557111e+02 -7.86725623e+01 -5.45930688e+01
  -3.65855663e+01 -3.11715732e+01 -2.52747277e+01 -1.59872157e+01
  -8.12879968e+00 -2.17644447e+00  4.67931583e+00  1.17869421e+01
   1.62290415e+01  2.04965229e+01  2.33242592e+01  2.57043598e+01
   2.79629627e+01  3.25076533e+01  3.96619253e+01  4.90337389e+01
   6.09004816e+01  7.30609878e+01]
 [-1.28953893e+02 -1.01273931e+02 -7.19024313e+01 -4.60937147e+01
  -3.14909195e+01 -2.62098983e+01 -2.02190099e+01 -1.19892758e+01
  -5.89942776e+00 -1.12017687e+00  5.14174703e+00  1.22997185e+01
   2.00519874e+01  2.65578548e+01  3.08496870e+01  3.47405312e+01
   3.81553966e+01  4.30951584e+01  4.99804204e+01  5.95296639e+01
   7.07180558e+01  8.08435944e+01]
 [-1.22497251e+02 -8.95540801e+01 -6.09661898e+01 -3.67487901e+01
  -2.38353763e+01 -1.74458737e+01 -1.28498953e+01 -7.71263297e+00
  -2.78172028e+00  1.72780991e+00  6.79627203e+00  1.41340367e+01
   2.24639317e+01  3.10860614e+01  3.68461523e+01  4.11611187e+01
   4.50367672e+01  4.82491884e+01  5.57773424e+01  6.56390561e+01
   7.62503091e+01  8.91889083e+01]
 [-1.15475310e+02 -8.13015443e+01 -4.63704939e+01 -3.09779438e+01
  -1.84653206e+01 -9.28004647e+00 -5.40123170e+00 -1.90544631e+00
   1.68516808e+00  5.28213268e+00  1.01220767e+01  1.61165005e+01
   2.42748546e+01  3.17435494e+01  3.87459283e+01  4.47877050e+01
   4.85185109e+01  5.17813391e+01  5.65346692e+01  6.52130318e+01
   7.64769707e+01  8.71788992e+01]
 [-1.12405935e+02 -7.45542783e+01 -4.05555641e+01 -2.43653688e+01
  -1.28839683e+01 -3.31264834e+00  5.78293482e-01  3.65737468e+00
   6.18999594e+00  9.41564935e+00  1.38429423e+01  1.89123683e+01
   2.45949146e+01  3.05742343e+01  3.62373755e+01  4.14275342e+01
   4.52549837e+01  4.90871244e+01  5.42444472e+01  6.10332135e+01
   6.82588741e+01  7.98261617e+01]
 [-1.03235429e+02 -6.88300457e+01 -3.62273530e+01 -1.88525121e+01
  -8.37791987e+00  3.97461605e-01  3.90810176e+00  7.38616103e+00
   1.02427044e+01  1.33952722e+01  1.69161976e+01  2.08729460e+01
   2.45147141e+01  2.86864639e+01  3.29568789e+01  3.58957486e+01
   3.91495379e+01  4.26674727e+01  4.66584923e+01  5.25859237e+01
   5.78983259e+01  6.52116326e+01]
 [-9.49396372e+01 -6.15499261e+01 -3.14100428e+01 -1.49700319e+01
  -5.67421534e+00  2.25012669e+00  5.79074714e+00  9.99891076e+00
   1.29917278e+01  1.61602872e+01  1.90802900e+01  2.19347429e+01
   2.45572926e+01  2.66390944e+01  2.92715780e+01  3.14385125e+01
   3.34815438e+01  3.53483353e+01  3.73303822e+01  3.86709081e+01
   3.95132571e+01  3.99568490e+01]
 [-8.41205851e+01 -5.38139768e+01 -2.87151088e+01 -1.31769796e+01
  -3.87968753e+00  3.00315326e+00  7.28293384e+00  1.20692711e+01
   1.55098434e+01  1.80695392e+01  2.01078421e+01  2.23124190e+01
   2.39084605e+01  2.52893632e+01  2.62912065e+01  2.84361055e+01
   3.02636432e+01  3.16406840e+01  3.26101445e+01  3.28485537e+01
   3.33297095e+01  2.71171559e+01]
 [-7.16146911e+01 -4.44801352e+01 -2.63370656e+01 -1.08163111e+01
  -1.85389275e+00  3.03200320e+00  7.79036343e+00  1.29763034e+01
   1.66571872e+01  1.92892619e+01  2.11217907e+01  2.20586093e+01
   2.31785405e+01  2.40664963e+01  2.57082259e+01  2.73359134e+01
   2.88345338e+01  3.02352250e+01  3.13035323e+01  3.17309172e+01
   3.23315100e+01  3.02300734e+01]
 [-5.76901115e+01 -3.97730476e+01 -2.24880107e+01 -6.78786620e+00
  -2.57256368e+00  2.73531258e+00  8.16889045e+00  1.31670001e+01
   1.78612899e+01  2.04622896e+01  2.20380656e+01  2.21018558e+01
   2.16782879e+01  2.35015988e+01  2.58727619e+01  2.79542668e+01
   2.96955469e+01  3.10571804e+01  3.21670691e+01  3.27635193e+01
   3.32034074e+01  3.20003176e+01]
 [-4.79277703e+01 -3.27111234e+01 -1.86181795e+01 -8.17403466e+00
  -4.15364855e+00  6.26376998e-01  4.04883762e+00  9.34604545e+00
   1.44565043e+01  1.96913254e+01  2.24992702e+01  2.19379622e+01
   2.03185013e+01  2.31412310e+01  2.66658008e+01  2.94136405e+01
   3.14176180e+01  3.28540302e+01  3.35883253e+01  3.41041698e+01
   3.40500067e+01  3.30474220e+01]]