[[   4.32957509   21.44430089   32.51768484   50.46577097   54.84306651
    51.80920625   50.6613509    47.28198124   44.55956399   41.32009919
    41.34186071   48.64222142   59.49681795   71.98841464   86.99510962
    97.13594523  106.74392289  117.02784813  129.93498474  127.85510035
            nan           nan]
 [ -11.97091754   -1.61191226    5.62238834   16.60830683   24.1446952
    29.32922322   29.7378501    32.89028549   36.0654608    31.20260209
    31.66499107   37.44338981   45.73019125   55.60974123   63.1680192
    73.88735981   93.2083735   103.76157052  110.39557622  122.13050478
   130.980476    131.2799573 ]
 [ -36.07662952  -28.56949554  -28.3308396   -16.71203366   -6.39252804
     1.89908627    7.72765403   16.92895654   18.69516582   14.96720297
    16.92806206   18.7969777    22.64674546   28.3315275    36.25886713
    47.77190407   67.17164473   86.00143584  102.71962789  115.11492917
   124.60485864  136.41786759]
 [ -50.76756286  -46.27423181  -40.77906621  -34.15774551  -25.57959808
   -15.84330392   -8.94126662   -5.81897102  -10.70667072   -9.42503395
   -14.74163818  -15.93195754  -10.45092722   -9.77734776   -0.51133265
    13.02152412   23.2938036    49.45088666   77.44114875   99.13273476
   112.50618477  126.56935116]
 [ -59.72716861  -57.97244687  -53.63576117  -46.55608741  -34.51204529
   -24.14822656  -18.15851577  -19.57422993  -32.12543775  -36.55790404
   -43.27260055  -49.14633562  -48.34377723  -40.72856834  -34.08161697
   -23.68718484  -17.53788573   17.41214835   53.25029099   80.63388515
   100.44407563  111.70149754]
 [ -71.65973448  -65.19253493  -58.78133431  -51.04445272  -37.48257496
   -28.52557197  -23.34620985  -26.37692086  -37.15997177  -44.20952148
   -50.67261239  -58.9299726   -61.05631729  -53.3996354   -47.72963196
   -41.41874311  -34.77700304  -12.8367294    24.62823696   61.07218981
    90.438901    101.73878532]
 [ -81.7893061   -73.89103264  -64.73917611  -55.57774044  -41.79066332
   -29.69778045  -25.92428527  -27.6743386   -36.36418435  -41.48583547
   -47.3895498   -51.50978979  -53.88591695  -54.93004758  -53.23278271
   -52.25040353  -45.11958058  -30.95972437    8.96698492   43.48012843
    69.28968352   81.50344098]
 [ -88.67358576  -80.93963308  -69.07372811  -61.0423856   -46.49175611
   -32.43081458  -26.99852793  -25.38717746  -26.45963053  -28.71946754
   -30.26042933  -33.47777067  -40.5558889   -44.64892057  -48.45738813
   -50.38297161  -47.49947455  -29.96881339    4.8477659    35.41560035
    53.35984124   66.05537454]
 [ -63.44096086  -76.80531485  -71.57789257  -59.18726162  -47.35336303
   -38.43311175  -28.7996666   -22.13878237  -19.46771086  -19.2111085
   -21.56908107  -24.52702798  -28.88031935  -40.51565017  -47.09379734
   -51.31775008  -56.9816655   -43.10221291  -11.06449577   15.56383125
    35.64647481   46.8527396 ]
 [ -56.41636095  -50.23021372  -48.18736145  -51.46384617  -47.34165889
   -38.50211643  -28.09190717  -17.6628694   -11.64835033   -9.93672179
   -13.63171601  -18.62129541  -30.92618027  -43.51881221  -54.45441381
   -62.44022512  -67.76967884  -68.25379473  -37.98919257  -11.85433292
    10.53403478   21.08779269]
 [ -55.04903391  -49.49047246  -46.13302153  -45.90211007  -45.62914186
   -37.00646886  -27.33959113  -13.20598398   -3.72975774   -3.14984953
    -7.52791222  -15.72141814  -29.05691068  -43.73525423  -58.82723039
   -71.33969619  -85.59713382  -94.92337601  -71.61106744  -41.61184417
   -20.00699011   -8.56772766]
 [ -60.95968137  -50.72356194  -40.83377783  -39.19966272  -41.2167299
   -36.18091719  -26.4168755    -9.88708699    2.15337691    3.07250081
    -1.75260825   -9.554155    -23.67591698  -39.8582503   -54.85050284
   -76.14094972 -105.17584484 -117.64163458  -95.51235821  -71.06248077
   -51.17164335  -31.11463753]
 [ -81.32970338  -65.6886964   -46.82438992  -32.74516596  -39.16887293
   -35.58126338  -26.88420679  -12.48667745    0.58196962    6.96164614
     4.81432014   -1.8432285   -15.21208961  -30.99815811  -49.74041423
   -74.86378662 -106.50398012 -123.81277385 -113.46148434  -81.39338024
   -55.05171084  -34.64414775]
 [-127.35578595  -85.05225075  -59.32257357  -44.27107597  -39.78103459
   -34.60365145  -26.58103013  -17.63764938   -2.34886232    7.80988744
    10.25628891    6.43760114   -2.80716625  -16.04750613  -35.32249214
   -62.45879612  -84.98019589  -98.13510388  -94.82981685  -65.98943605
   -36.51295086  -10.3900902 ]
 [-197.7136306  -148.65167737  -76.34257717  -58.88609439  -39.19451572
   -35.55953557  -28.28886183  -18.80550124   -5.54745892    5.82756362
    12.90582113   11.10730552    6.83309195   -0.3853494   -13.64387516
   -36.46089314  -56.00394656  -62.29822059  -56.42122126  -32.15104756
    -1.27014429   24.95520533]
 [-207.06027766 -170.68608165  -98.46156914  -61.28634301  -40.81100766
   -35.51995569  -31.45415468  -24.46641316  -14.74882481   -2.01571487
     9.11636433   13.94851116   15.63543881   13.40848235    3.25031207
    -8.39277609  -21.19942569  -23.23773582  -16.68780621    7.69057736
    38.93407075   68.39092585]
 [-183.16045404 -133.84644304  -82.8049192   -58.97038762  -38.69280001
   -32.58238466  -38.09254183  -36.29965368  -23.05065929   -8.1801179
     3.61880315   14.13531851   19.51070885   24.45732446   21.01897224
    15.43809864    9.88001516   11.43700131   18.98033758   45.83126256
    75.97853657   98.23959663]
 [-134.36567899  -89.80676983  -54.71138299  -49.50518019  -32.93686941
   -33.35420199  -46.85926022  -40.48305729  -28.71176051  -12.05281545
     0.75084896   11.60780736   20.62809732   28.72842342   34.6185823
    35.01966867   35.6280697    39.90963985   47.76768772   67.96262741
   101.899538    122.16743883]
 [ -93.97862451  -48.57550034  -39.30959006  -33.54274232  -29.59011409
   -34.54943328  -39.57389326  -31.50005733  -24.59969045  -11.4231418
     0.89236057   11.38966022   21.11016893   31.46658484   39.88619252
    47.19794223   52.13349171   57.19521949   63.51327719   78.10815706
   106.03392551  127.16005128]
 [ -66.47785843  -28.2469516   -19.59625267  -27.72258071  -28.45453086
   -29.63640893  -27.99721219  -22.16154154  -14.11530503   -5.49249056
     4.18134792   13.28343592   22.05285903   33.55700785   44.15000178
    52.12887629   59.52339275   64.02237615   71.06744438   79.24483239
    94.92332659  129.57905138]
 [ -96.50079374  -55.23843186  -18.56102152  -37.5727814   -26.92133638
   -18.59084595  -14.99793228   -9.87446182   -4.15658143    2.52896613
     9.27380822   15.8251191    25.07559307   34.06686041   43.74361813
    53.28162079   61.77992227   66.78318832   70.1038289    76.84171607
    87.85121188           nan]
 [-138.03319128  -90.19649815  -52.65937641  -28.38182979  -16.43651124
    -5.24251778   -2.36040823    0.2126856     4.14710621    9.4018531
    15.53027999   21.71412876   28.01193098   33.59816249   39.9808552
    47.9480459    55.44424081   61.99854878   66.55120621   71.30892679
    78.16111382           nan]
 [-138.67729642  -89.7802416   -44.27156174  -16.96403087   -5.49187231
     3.88875975    7.79053033   10.09174753   11.51777338   15.44353915
    20.41845841   25.10086823   28.05581178   31.1535927    35.2695145
    39.11380073   45.2377219    52.56335863   56.10119994   62.48816342
    67.80056562           nan]
 [-128.62413021  -74.63200454  -34.49795126  -11.66122242   -1.36148657
     8.11021619   12.36167431   15.52537998   16.32447628   20.04873805
    23.55811272   25.99806192   26.57761554   25.71832982   27.30140492
    30.24984323   32.97170169   36.4830698    41.47380718           nan
            nan           nan]
 [-116.23952129  -58.41464862  -28.27005781  -11.3786714    -0.54469239
     8.38815545   13.98181409   18.9793472    20.38325944   22.74474121
    24.88608416   25.34340121   24.01965157   20.4316445    20.23622032
    23.26419448   25.74606511   28.02687647   31.03124221   25.82782231
            nan           nan]
 [ -84.16470876  -34.55741486  -22.20655069  -11.50371417   -0.76193751
     6.35121029   12.73514464   18.04378925   21.11222576   23.80818328
    25.26923185   23.66191265   21.61531752   16.39060617   16.02664101
    19.13218791   22.39954618   24.27746279   23.86630763   21.12751035
    19.10446303           nan]
 [ -49.336067    -18.2128007   -10.99866677   -7.77649554   -4.19846586
     4.13832974   11.00876523   15.02383532   21.82934861   23.90907165
    24.47447023   22.17754822   18.48786488   15.18636777   14.79138818
    19.1508582    23.44800562   24.69640156   24.92167642   23.37815011
    20.18450515   18.67097244]
 [ -13.77428367   -3.65708721    0.75590758   -2.98701039   -6.89931179
    -1.26886165    2.75505497   11.379552     19.01548114   22.60849066
    24.06504537   23.3366859    18.82563705   15.4953979    15.28109213
    24.23215602   27.48559259   28.04598867   26.94980998   25.37916484
    21.95299259   19.94324605]][[   4.32957509   21.44430089   32.51768484   50.46577097   54.84306651
    51.80920625   50.6613509    47.28198124   44.55956399   41.32009919
    41.34186071   48.64222142   59.49681795   71.98841464   86.99510962
    97.13594523  106.74392289  117.02784813  129.93498474  127.85510035
            nan           nan]
 [ -11.97091754   -1.61191226    5.62238834   16.60830683   24.1446952
    29.32922322   29.7378501    32.89028549   36.0654608    31.20260209
    31.66499107   37.44338981   45.73019125   55.60974123   63.1680192
    73.88735981   93.2083735   103.76157052  110.39557622  122.13050478
   130.980476    131.2799573 ]
 [ -36.07662952  -28.56949554  -28.3308396   -16.71203366   -6.39252804
     1.89908627    7.72765403   16.92895654   18.69516582   14.96720297
    16.92806206   18.7969777    22.64674546   28.3315275    36.25886713
    47.77190407   67.17164473   86.00143584  102.71962789  115.11492917
   124.60485864  136.41786759]
 [ -50.76756286  -46.27423181  -40.77906621  -34.15774551  -25.57959808
   -15.84330392   -8.94126662   -5.81897102  -10.70667072   -9.42503395
   -14.74163818  -15.93195754  -10.45092722   -9.77734776   -0.51133265
    13.02152412   23.2938036    49.45088666   77.44114875   99.13273476
   112.50618477  126.56935116]
 [ -59.72716861  -57.97244687  -53.63576117  -46.55608741  -34.51204529
   -24.14822656  -18.15851577  -19.57422993  -32.12543775  -36.55790404
   -43.27260055  -49.14633562  -48.34377723  -40.72856834  -34.08161697
   -23.68718484  -17.53788573   17.41214835   53.25029099   80.63388515
   100.44407563  111.70149754]
 [ -71.65973448  -65.19253493  -58.78133431  -51.04445272  -37.48257496
   -28.52557197  -23.34620985  -26.37692086  -37.15997177  -44.20952148
   -50.67261239  -58.9299726   -61.05631729  -53.3996354   -47.72963196
   -41.41874311  -34.77700304  -12.8367294    24.62823696   61.07218981
    90.438901    101.73878532]
 [ -81.7893061   -73.89103264  -64.73917611  -55.57774044  -41.79066332
   -29.69778045  -25.92428527  -27.6743386   -36.36418435  -41.48583547
   -47.3895498   -51.50978979  -53.88591695  -54.93004758  -53.23278271
   -52.25040353  -45.11958058  -30.95972437    8.96698492   43.48012843
    69.28968352   81.50344098]
 [ -88.67358576  -80.93963308  -69.07372811  -61.0423856   -46.49175611
   -32.43081458  -26.99852793  -25.38717746  -26.45963053  -28.71946754
   -30.26042933  -33.47777067  -40.5558889   -44.64892057  -48.45738813
   -50.38297161  -47.49947455  -29.96881339    4.8477659    35.41560035
    53.35984124   66.05537454]
 [ -63.44096086  -76.80531485  -71.57789257  -59.18726162  -47.35336303
   -38.43311175  -28.7996666   -22.13878237  -19.46771086  -19.2111085
   -21.56908107  -24.52702798  -28.88031935  -40.51565017  -47.09379734
   -51.31775008  -56.9816655   -43.10221291  -11.06449577   15.56383125
    35.64647481   46.8527396 ]
 [ -56.41636095  -50.23021372  -48.18736145  -51.46384617  -47.34165889
   -38.50211643  -28.09190717  -17.6628694   -11.64835033   -9.93672179
   -13.63171601  -18.62129541  -30.92618027  -43.51881221  -54.45441381
   -62.44022512  -67.76967884  -68.25379473  -37.98919257  -11.85433292
    10.53403478   21.08779269]
 [ -55.04903391  -49.49047246  -46.13302153  -45.90211007  -45.62914186
   -37.00646886  -27.33959113  -13.20598398   -3.72975774   -3.14984953
    -7.52791222  -15.72141814  -29.05691068  -43.73525423  -58.82723039
   -71.33969619  -85.59713382  -94.92337601  -71.61106744  -41.61184417
   -20.00699011   -8.56772766]
 [ -60.95968137  -50.72356194  -40.83377783  -39.19966272  -41.2167299
   -36.18091719  -26.4168755    -9.88708699    2.15337691    3.07250081
    -1.75260825   -9.554155    -23.67591698  -39.8582503   -54.85050284
   -76.14094972 -105.17584484 -117.64163458  -95.51235821  -71.06248077
   -51.17164335  -31.11463753]
 [ -81.32970338  -65.6886964   -46.82438992  -32.74516596  -39.16887293
   -35.58126338  -26.88420679  -12.48667745    0.58196962    6.96164614
     4.81432014   -1.8432285   -15.21208961  -30.99815811  -49.74041423
   -74.86378662 -106.50398012 -123.81277385 -113.46148434  -81.39338024
   -55.05171084  -34.64414775]
 [-127.35578595  -85.05225075  -59.32257357  -44.27107597  -39.78103459
   -34.60365145  -26.58103013  -17.63764938   -2.34886232    7.80988744
    10.25628891    6.43760114   -2.80716625  -16.04750613  -35.32249214
   -62.45879612  -84.98019589  -98.13510388  -94.82981685  -65.98943605
   -36.51295086  -10.3900902 ]
 [-197.7136306  -148.65167737  -76.34257717  -58.88609439  -39.19451572
   -35.55953557  -28.28886183  -18.80550124   -5.54745892    5.82756362
    12.90582113   11.10730552    6.83309195   -0.3853494   -13.64387516
   -36.46089314  -56.00394656  -62.29822059  -56.42122126  -32.15104756
    -1.27014429   24.95520533]
 [-207.06027766 -170.68608165  -98.46156914  -61.28634301  -40.81100766
   -35.51995569  -31.45415468  -24.46641316  -14.74882481   -2.01571487
     9.11636433   13.94851116   15.63543881   13.40848235    3.25031207
    -8.39277609  -21.19942569  -23.23773582  -16.68780621    7.69057736
    38.93407075   68.39092585]
 [-183.16045404 -133.84644304  -82.8049192   -58.97038762  -38.69280001
   -32.58238466  -38.09254183  -36.29965368  -23.05065929   -8.1801179
     3.61880315   14.13531851   19.51070885   24.45732446   21.01897224
    15.43809864    9.88001516   11.43700131   18.98033758   45.83126256
    75.97853657   98.23959663]
 [-134.36567899  -89.80676983  -54.71138299  -49.50518019  -32.93686941
   -33.35420199  -46.85926022  -40.48305729  -28.71176051  -12.05281545
     0.75084896   11.60780736   20.62809732   28.72842342   34.6185823
    35.01966867   35.6280697    39.90963985   47.76768772   67.96262741
   101.899538    122.16743883]
 [ -93.97862451  -48.57550034  -39.30959006  -33.54274232  -29.59011409
   -34.54943328  -39.57389326  -31.50005733  -24.59969045  -11.4231418
     0.89236057   11.38966022   21.11016893   31.46658484   39.88619252
    47.19794223   52.13349171   57.19521949   63.51327719   78.10815706
   106.03392551  127.16005128]
 [ -66.47785843  -28.2469516   -19.59625267  -27.72258071  -28.45453086
   -29.63640893  -27.99721219  -22.16154154  -14.11530503   -5.49249056
     4.18134792   13.28343592   22.05285903   33.55700785   44.15000178
    52.12887629   59.52339275   64.02237615   71.06744438   79.24483239
    94.92332659  129.57905138]
 [ -96.50079374  -55.23843186  -18.56102152  -37.5727814   -26.92133638
   -18.59084595  -14.99793228   -9.87446182   -4.15658143    2.52896613
     9.27380822   15.8251191    25.07559307   34.06686041   43.74361813
    53.28162079   61.77992227   66.78318832   70.1038289    76.84171607
    87.85121188           nan]
 [-138.03319128  -90.19649815  -52.65937641  -28.38182979  -16.43651124
    -5.24251778   -2.36040823    0.2126856     4.14710621    9.4018531
    15.53027999   21.71412876   28.01193098   33.59816249   39.9808552
    47.9480459    55.44424081   61.99854878   66.55120621   71.30892679
    78.16111382           nan]
 [-138.67729642  -89.7802416   -44.27156174  -16.96403087   -5.49187231
     3.88875975    7.79053033   10.09174753   11.51777338   15.44353915
    20.41845841   25.10086823   28.05581178   31.1535927    35.2695145
    39.11380073   45.2377219    52.56335863   56.10119994   62.48816342
    67.80056562           nan]
 [-128.62413021  -74.63200454  -34.49795126  -11.66122242   -1.36148657
     8.11021619   12.36167431   15.52537998   16.32447628   20.04873805
    23.55811272   25.99806192   26.57761554   25.71832982   27.30140492
    30.24984323   32.97170169   36.4830698    41.47380718           nan
            nan           nan]
 [-116.23952129  -58.41464862  -28.27005781  -11.3786714    -0.54469239
     8.38815545   13.98181409   18.9793472    20.38325944   22.74474121
    24.88608416   25.34340121   24.01965157   20.4316445    20.23622032
    23.26419448   25.74606511   28.02687647   31.03124221   25.82782231
            nan           nan]
 [ -84.16470876  -34.55741486  -22.20655069  -11.50371417   -0.76193751
     6.35121029   12.73514464   18.04378925   21.11222576   23.80818328
    25.26923185   23.66191265   21.61531752   16.39060617   16.02664101
    19.13218791   22.39954618   24.27746279   23.86630763   21.12751035
    19.10446303           nan]
 [ -49.336067    -18.2128007   -10.99866677   -7.77649554   -4.19846586
     4.13832974   11.00876523   15.02383532   21.82934861   23.90907165
    24.47447023   22.17754822   18.48786488   15.18636777   14.79138818
    19.1508582    23.44800562   24.69640156   24.92167642   23.37815011
    20.18450515   18.67097244]
 [ -13.77428367   -3.65708721    0.75590758   -2.98701039   -6.89931179
    -1.26886165    2.75505497   11.379552     19.01548114   22.60849066
    24.06504537   23.3366859    18.82563705   15.4953979    15.28109213
    24.23215602   27.48559259   28.04598867   26.94980998   25.37916484
    21.95299259   19.94324605]]