[[5299.47830463 5316.07234405 5332.21518515 5350.20150651 5370.8410277
  5391.58259492 5408.06617806 5422.31189783 5436.43249375 5448.69778804
  5459.01592307 5467.02728059 5477.37903863 5490.55717128 5502.3450854
  5515.07271135 5529.06977571 5542.92724291 5558.73839687 5575.14452015
  5587.70030511 5599.79042578]
 [5302.29461627 5317.49902778 5333.88503499 5351.10825178 5370.25953266
  5387.44398022 5403.02143452 5417.27804412 5432.14677208 5442.92852243
  5452.20610665 5459.89849732 5471.1680421  5483.09270124 5494.14919822
  5506.80853123 5520.62137083 5534.62703412 5548.45975024 5564.23409088
  5577.39412193 5587.83527343]
 [5300.20871409 5314.46309884 5331.29779001 5349.25224589 5366.77517287
  5383.49602176 5398.84569983 5413.02805422 5426.50052174 5437.89769706
  5446.42711208 5453.66799026 5464.56414954 5476.28532028 5487.28417507
  5499.76390774 5512.88064664 5526.6308383  5539.07452569 5553.64707812
  5568.54406701 5580.47808571]
 [5292.40093529 5306.76555303 5325.24696485 5344.75698026 5363.73934608
  5379.48598918 5394.68023566 5408.83817784 5420.77478833 5432.8739629
  5441.93457952 5448.85682906 5458.79697518 5469.41611874 5480.68000079
  5492.10723512 5504.50838013 5517.80497119 5530.28284816 5542.73703995
  5556.48932921 5570.41195035]
 [5282.64527689 5297.95430543 5316.0767652  5337.3529175  5359.49612622
  5375.39967509 5391.79309536 5406.74823732 5418.31984122 5430.08283859
  5439.80720343 5445.63978772 5454.19744703 5464.39705877 5474.58792649
  5485.17965224 5496.80579236 5509.39115538 5521.42267348 5534.41128199
  5546.63087259 5558.90169841]
 [5270.75197475 5287.759566   5307.18410908 5329.64889738 5351.34667851
  5371.72217943 5391.66966974 5407.14398791 5419.18723034 5430.31307854
  5440.09325538 5445.14071661 5452.29161651 5461.33171852 5470.49620962
  5479.72946157 5490.04636325 5501.53289517 5512.81897581 5525.03574787
  5538.48421875 5550.72036607]
 [5258.26487981 5277.61088337 5298.57638416 5321.97964494 5345.11688711
  5371.38808783 5393.34874587 5409.57560352 5423.62766477 5433.27946368
  5441.62698423 5446.06129563 5452.5076065  5460.50981098 5468.20501319
  5476.12356141 5485.36538338 5495.54939295 5505.31074941 5516.24750409
  5530.76886903 5547.09734215]
 [5249.06619389 5270.43079634 5292.96542413 5318.95046503 5348.04994617
  5377.45790348 5399.07601496 5416.73689145 5431.06314523 5440.6144123
  5446.73280531 5450.36459983 5454.71342563 5461.77833985 5468.50888107
  5474.89028418 5482.75084657 5492.76654247 5502.6217419  5513.89117173
  5529.88710458 5547.6888604 ]
 [5243.12451078 5269.35640757 5297.35257177 5326.6112462  5358.49319305
  5386.45913525 5409.56048067 5428.30624783 5441.51542636 5451.22245497
  5457.34584285 5460.27260584 5463.84514833 5469.37986575 5474.52357769
  5479.80802293 5487.6793381  5495.95587233 5505.00808956 5516.93450423
  5531.13199772 5550.23505047]
 [5242.54698884 5269.70889915 5301.85429815 5336.43585656 5373.01430512
  5400.58324389 5424.17871131 5443.06558824 5455.53408049 5466.56058951
  5470.58312319 5473.63639065 5476.97501192 5480.277328   5483.82067353
  5490.06603908 5497.01563981 5503.70884394 5511.63081108 5525.40213817
  5541.94537902 5561.01999407]
 [5241.89549704 5275.44728772 5309.24166331 5348.43150956 5386.55729069
  5417.11418801 5442.52124895 5461.51375415 5475.23075522 5484.2531237
  5489.55733996 5492.49347857 5494.58171112 5497.03353266 5500.35800821
  5506.33143138 5512.43719371 5521.05382925 5529.45850832 5543.42580023
  5559.80307029 5579.6786887 ]
 [5250.60101042 5281.93211354 5320.23873629 5362.58838029 5400.65564923
  5432.67911516 5461.09766577 5482.65954521 5496.66511796 5505.08849727
  5510.09196759 5513.36749523 5517.38171236 5521.44730286 5526.03851091
  5530.04333688 5537.60485316 5546.22029354 5556.90334782 5570.43047344
  5584.32111949 5602.37494149]
 [5260.36747761 5288.26201377 5329.24163341 5377.48942818 5414.44484656
  5451.14481542 5484.74923194 5506.40499405 5518.75230152 5527.59284401
  5533.54443436 5537.68055954 5542.9692235  5547.2708467  5552.23298396
  5559.35269473 5566.85507762 5575.30811349 5586.00027852 5599.13025548
  5612.49360117 5628.69765171]
 [5266.8072869  5295.21883131 5340.86007868 5391.34116501 5433.88459233
  5473.77068826 5507.26466641 5527.13375776 5539.59911612 5550.52750676
  5558.07943195 5564.27969505 5569.87206577 5574.91958727 5580.65630111
  5588.92155509 5597.31344206 5606.19628909 5616.34607523 5628.26834425
  5640.15898646 5656.31832646]
 [5272.3296061  5307.43224124 5356.21939918 5407.15717439 5453.74125906
  5494.86740368 5526.76106305 5550.45043116 5563.00358227 5575.56842453
  5582.63026221 5590.08360605 5596.03846754 5602.78626288 5610.04496279
  5617.79948078 5626.30644466 5635.42901794 5644.75217743 5655.24940514
  5668.51436493 5685.11963951]
 [5283.86263065 5322.92583168 5371.54129273 5425.34730947 5474.77783186
  5518.69714804 5548.498354   5572.78587979 5589.19716182 5599.11759693
  5607.91820851 5617.16934084 5623.65595084 5630.47737671 5637.86155302
  5646.07754304 5654.98734538 5663.67030087 5671.9106118  5681.38270356
  5694.51186745 5707.1291284 ]
 [5299.93039399 5341.59658043 5395.69478972 5448.1202454  5499.78768819
  5540.78625561 5570.24093562 5595.3584136  5613.23996911 5623.30743711
  5634.4791538  5643.31250175 5651.177507   5657.45772846 5664.94986024
  5672.96427272 5681.44399439 5690.17410109 5697.16090774 5705.87345829
  5715.31161106 5726.58464196]
 [5319.54234554 5371.13134458 5421.71483105 5474.65759276 5523.93528348
  5561.85918292 5592.72916449 5618.36843783 5634.60810174 5646.45579459
  5657.05016784 5666.4999448  5675.51823162 5682.93276645 5691.47778366
  5699.50672875 5707.09556749 5713.73750901 5721.10067667 5728.47650498
  5734.58956825 5744.47429058]
 [5350.64219316 5398.85819739 5450.93762982 5501.03761035 5546.44963612
  5583.00501132 5611.79579615 5634.23079008 5651.84942604 5665.35994039
  5677.44972415 5690.18900464 5700.93593734 5708.97279706 5717.12038335
  5724.54251679 5731.6712991  5737.52965286 5742.96077339 5748.0718207
  5753.22554016 5761.48348455]
 [5380.44029475 5426.65453444 5476.51919341 5521.49834747 5564.40829475
  5598.30586506 5624.02889848 5645.55595393 5664.87101555 5680.22260172
  5694.94953377 5709.09488766 5720.13316268 5729.24953577 5737.53466068
  5744.6404024  5751.23896637 5756.25194401 5761.21456775 5766.34308124
  5771.92724104 5777.50769887]
 [5408.09501097 5450.5806013  5496.38729399 5536.94909992 5576.18700736
  5610.90901378 5634.41295201 5655.19564347 5674.48775908 5691.73291714
  5708.21988128 5722.84801338 5734.75664262 5744.58043709 5753.60104012
  5763.09465285 5771.1733577  5777.5122706  5783.67925555 5788.93139938
  5791.37808511 5795.70987145]
 [5431.14048192 5470.51357808 5511.74886773 5550.03335473 5586.37754269
  5620.27989753 5642.13113543 5663.01081865 5682.96202272 5701.07872206
  5717.55746168 5732.59430358 5745.66664075 5757.45719253 5769.27327622
  5779.98497772 5789.60845087 5797.73463491 5804.20186744 5808.17184408
  5811.32517862 5815.96188069]
 [5450.71365617 5484.92115679 5524.29911812 5560.75639471 5596.46930149
  5624.81741869 5648.0084046  5669.5658436  5689.54005739 5707.39939648
  5725.19985658 5740.10675744 5756.36302663 5771.19666273 5784.31585918
  5795.04893915 5804.86628778 5813.98693802 5820.54148464 5825.73337767
  5829.58124368 5833.50927249]
 [5464.65135052 5497.37255401 5534.75735735 5568.05288352 5600.7023493
  5627.44956639 5651.0326981  5672.87193235 5693.58049045 5711.50626027
  5729.72637457 5747.13346221 5765.55884842 5782.66769439 5797.37091556
  5808.6205615  5818.54330161 5827.07850917 5832.85864086 5837.55505376
  5842.05141686 5847.75903677]
 [5476.23117163 5506.01446434 5540.45453751 5572.14272087 5603.08574427
  5630.22900027 5653.50116111 5674.63176252 5696.33405676 5714.45424133
  5734.02078684 5753.97470352 5774.606146   5792.35390254 5806.73173967
  5818.53775254 5828.72460326 5836.97710506 5842.87317849 5848.7240741
  5854.39504327 5858.50279029]
 [5484.3276617  5513.3758179  5543.75686514 5574.02077668 5605.23989979
  5632.29201701 5655.11755748 5674.60123005 5696.53155774 5716.73564893
  5738.61983575 5760.61058298 5783.05819407 5801.51466901 5816.38638778
  5827.30744556 5837.50644659 5845.20111272 5851.77880302 5858.05922384
  5861.87207583 5866.18976049]
 [5490.49646941 5515.71545389 5544.95769734 5575.10151818 5605.88761684
  5630.16641786 5654.30469092 5673.71578531 5695.31068464 5717.62795281
  5742.38181306 5766.37251674 5789.02992231 5810.05486028 5823.5557483
  5834.97905447 5845.12218503 5852.04099801 5857.94562407 5862.67115895
  5866.18012051 5871.15972917]
 [5491.2250001  5517.52259481 5545.75736046 5573.14579115 5601.30493738
  5627.73611703 5652.89768598 5672.20122156 5693.67791082 5717.17301862
  5744.43980436 5770.5971631  5795.13216121 5815.13681577 5830.70588185
  5841.693273   5850.35511302 5856.91910466 5862.23267728 5866.36107569
  5870.06500538 5873.05230147]]