[[5280.95019866 5311.69870482 5336.06809441 5362.78181643 5389.55511253
  5417.21749181 5438.72319926 5454.5493874  5467.01342956 5479.49538121
  5490.46229318 5499.0925262  5513.48809125 5532.13980401 5551.97526259
  5572.21819198 5595.38173724 5619.52312968 5649.0543301  5670.62187298
  5685.1504914  5698.26631543]
 [5277.8964953  5305.45681776 5330.21497855 5356.6904854  5382.26576899
  5405.0856364  5424.17136809 5440.37582767 5455.75968042 5464.53741503
  5473.07762981 5480.89765163 5494.06031547 5511.29947223 5526.69675445
  5548.37417327 5576.68223763 5599.34816742 5623.13520786 5651.25867272
  5674.03039874 5686.73748321]
 [5265.46421941 5291.51786722 5315.93106459 5341.63718788 5367.03317944
  5391.42249013 5409.11124298 5425.51067648 5438.37777671 5448.76836078
  5456.21566111 5461.15436617 5473.03087007 5487.62810822 5501.69820414
  5524.88108295 5553.58439863 5580.24836563 5604.01723301 5630.90984248
  5655.12999074 5679.32134244]
 [5248.14300671 5271.86826041 5297.46339516 5323.51568196 5350.38178216
  5373.63769857 5393.95185893 5409.22871336 5418.81692907 5430.41658059
  5436.82659514 5439.97024986 5451.96441882 5464.46845682 5478.95799469
  5500.86878062 5526.6012341  5555.63067886 5582.6757135  5605.36321621
  5629.42896735 5657.11147007]
 [5231.58965187 5253.23954273 5275.65806347 5303.77969088 5332.76639507
  5355.26065673 5376.65073451 5394.56477532 5403.41828381 5413.46430631
  5419.24527511 5423.18426699 5432.35325404 5443.86056564 5456.29380648
  5477.52579392 5502.79713197 5533.51450626 5561.4067223  5585.48311547
  5606.06209977 5628.83302547]
 [5212.68642874 5236.07628583 5261.85338257 5290.01864945 5316.86458522
  5341.17948178 5365.80440343 5384.09968908 5393.29136783 5400.95592531
  5409.0285485  5412.81170537 5417.89077315 5428.11500467 5438.95151794
  5456.78637066 5483.12903715 5511.9116909  5539.63705122 5566.73459257
  5587.85388835 5608.45866741]
 [5190.06976218 5217.3140392  5247.43139652 5278.02881032 5306.64687899
  5338.49850134 5364.23265455 5382.02747388 5393.00003665 5399.6432137
  5405.61897639 5408.06378783 5412.51417549 5418.46538322 5426.05597504
  5439.12692083 5464.87648577 5491.91666617 5516.97644743 5542.54479368
  5565.72387063 5591.37411471]
 [5172.19837838 5203.08535173 5237.48588448 5271.50226789 5305.79885459
  5342.72280302 5368.88568097 5389.72021174 5404.86492812 5413.67803177
  5416.37840768 5414.56999692 5414.81934764 5419.41767252 5423.69597496
  5432.4014336  5451.24718874 5476.82954893 5502.48293785 5525.8374038
  5550.34310146 5576.66734897]
 [5166.91321418 5202.01903861 5239.36886767 5277.30730076 5316.04321943
  5351.46062036 5382.26941398 5404.75570793 5420.88441079 5431.25932619
  5432.49328424 5429.34843198 5427.44725616 5427.64912915 5428.9503883
  5433.20285813 5446.62004688 5465.97624157 5489.58971153 5514.33191767
  5537.35797174 5565.28114539]
 [5168.78014416 5205.32447124 5244.01867432 5286.57337838 5330.57603564
  5366.98451687 5399.91844923 5424.6209162  5439.91438634 5452.18144413
  5451.09277674 5447.52072772 5444.67966944 5440.70396827 5436.33229215
  5438.64616688 5447.50309794 5460.73251923 5479.21270948 5504.58150532
  5532.6090216  5560.76721873]
 [5171.30051866 5213.14069322 5253.49850291 5300.14555579 5344.88652218
  5385.01110857 5420.08504723 5445.83453944 5463.47581116 5472.64015437
  5473.62402578 5470.16761604 5465.84447325 5459.04056076 5452.04905913
  5450.60252344 5454.20041097 5465.81663876 5483.50663976 5509.67743148
  5536.4636336  5569.40450793]
 [5175.62499043 5219.58918595 5268.35119862 5318.16654902 5361.31127265
  5401.40158738 5440.0558707  5469.44509156 5487.71452739 5497.18845386
  5497.85244397 5495.76076553 5493.22822185 5487.40344821 5482.12581602
  5475.93593843 5473.49364731 5484.60890895 5502.88404504 5526.30432693
  5550.30784452 5582.19585953]
 [5167.03600269 5211.51955753 5271.36348366 5336.73247651 5376.76507372
  5420.76130006 5465.18465385 5494.2915284  5511.56600927 5523.09552783
  5526.21038323 5525.4715325  5523.95736629 5519.19512397 5514.05035745
  5510.99077249 5508.8226925  5513.80868592 5528.41443815 5552.62752336
  5579.91478462 5611.86276893]
 [5148.78018851 5199.11282073 5270.48374528 5344.15058307 5397.42470665
  5444.75602726 5488.17254157 5514.32112989 5532.75311378 5548.24633234
  5555.61059235 5558.66526723 5558.4539277  5554.85090544 5551.45676677
  5551.50539745 5553.96503708 5558.2221902  5572.55796135 5596.10157223
  5625.59227277 5662.41021859]
 [5132.72605999 5200.7456207  5273.98141552 5351.59222891 5417.86789226
  5464.64865876 5505.59131781 5537.22660482 5556.64888315 5574.33929219
  5584.28511374 5590.71349307 5592.91805639 5593.8019414  5595.86595071
  5597.79419364 5601.86272499 5611.00832295 5625.15690566 5647.89364202
  5677.68081674 5712.00875404]
 [5134.91243748 5210.34983452 5286.85764016 5364.50440475 5435.76883936
  5487.86466546 5523.78470829 5557.34738451 5581.73719821 5597.79822877
  5611.96671123 5623.05470392 5629.76751295 5634.0274997  5638.25271605
  5643.88582367 5650.67514333 5661.34774762 5675.20241251 5696.17899519
  5724.21394853 5754.30857806]
 [5152.28870613 5225.69664089 5312.02750457 5386.52403336 5460.06303279
  5508.73920748 5544.04647188 5578.26272403 5604.57567406 5621.27857332
  5638.69829312 5653.51819376 5663.14926948 5671.3554613  5678.22981178
  5686.1496057  5693.98137038 5706.11775856 5719.9464235  5739.17859125
  5762.56725694 5787.30858388]
 [5183.10601856 5259.574234   5343.04226871 5420.06452396 5487.34971723
  5530.6876097  5567.45443683 5602.38122212 5626.47930206 5644.27935011
  5661.72948367 5678.28688686 5691.7472731  5703.42928932 5714.80204282
  5725.21108854 5735.05853015 5746.24516226 5760.76260199 5777.51024388
  5795.49004986 5817.53527834]
 [5221.68830037 5297.58426628 5379.03519852 5454.9438956  5514.95871661
  5556.79511298 5591.57678627 5622.24151424 5645.94999828 5664.23976353
  5682.59147118 5702.48872313 5720.9879247  5735.53065188 5747.97007039
  5759.28304803 5769.82669575 5780.62481126 5792.94119379 5807.60148461
  5823.94359594 5842.32707897]
 [5257.94304362 5337.10045438 5415.55300364 5484.7495574  5540.57291842
  5580.85999133 5611.1790032  5637.84332096 5662.08929527 5681.95041163
  5701.7458058  5723.22892435 5742.59709439 5760.33559719 5774.38081295
  5785.80152112 5796.27573362 5804.50113239 5816.99191013 5831.9821373
  5848.1775501  5866.69660715]
 [5292.61970104 5369.27905698 5450.01680013 5505.97115609 5557.72168675
  5601.62896731 5629.0117203  5653.29019716 5676.17292716 5697.01504982
  5718.34195794 5738.96451388 5759.03149719 5776.32398649 5792.34696837
  5807.88235787 5819.69186863 5829.29360974 5840.21392477 5854.14443118
  5867.85505579 5882.88877066]
 [5318.73454708 5395.95929981 5471.19330361 5525.66798595 5573.49357443
  5616.96724919 5642.70942891 5666.66819333 5689.15201866 5710.49437141
  5731.40040399 5751.50667187 5770.2615554  5788.03142688 5805.5106517
  5821.41251195 5834.86343461 5846.82175933 5858.44631465 5869.20505757
  5879.58405267 5895.78804239]
 [5347.47822715 5416.09111108 5488.07176508 5541.9038826  5588.09138162
  5625.21488029 5651.91650636 5676.95200463 5699.7827618  5720.79466871
  5742.11605414 5760.9797034  5780.87774069 5799.88312658 5817.27273805
  5830.94468775 5844.01582568 5856.65441076 5867.19997692 5878.31930133
  5887.47956953 5898.72090513]
 [5369.71171331 5435.82262793 5503.34731455 5553.08285158 5595.02813396
  5629.69969308 5656.82344524 5682.87084311 5706.57221826 5727.66654744
  5748.80666461 5769.06820515 5790.11614104 5809.30678884 5826.64249353
  5840.05907398 5852.02484541 5862.42684452 5870.18902304 5876.22596184
  5881.56467395 5887.71588572]
 [5392.11058652 5452.20048758 5511.73942867 5558.96574128 5599.20605674
  5633.23215353 5660.78409495 5686.70103365 5711.84390017 5732.52378048
  5754.12862892 5776.28712253 5798.51460653 5817.64326576 5833.02294616
  5846.97385809 5858.9882465  5868.61778902 5875.48332297 5881.5726278
  5887.72475279 5885.61994615]
 [5412.71297062 5468.89568266 5517.4197995  5563.20446554 5603.38600703
  5635.32402022 5662.90792091 5687.57753342 5713.18874494 5736.02491085
  5759.74162649 5782.66919229 5806.23673453 5825.58116536 5842.09461368
  5854.64335892 5866.34098041 5875.43633767 5883.08233528 5889.79014108
  5894.2035858  5896.41983391]
 [5432.80635788 5475.9424063  5522.46968669 5568.31365198 5603.31505316
  5632.90173044 5662.47358137 5686.8827854  5713.17197455 5738.09024246
  5764.41987866 5788.47437256 5810.70821023 5833.55645912 5849.42851025
  5862.93332125 5874.81773196 5883.0981784  5890.11269318 5895.43467825
  5899.38352787 5903.16004676]
 [5443.29722981 5484.81147145 5527.13918092 5564.97175648 5597.15128884
  5628.36249403 5656.94652359 5681.54726701 5708.1344151  5736.86434404
  5766.93907456 5792.53512534 5815.45066254 5838.27804678 5857.37168266
  5871.10691354 5881.77273098 5889.7731349  5895.82100257 5900.46524549
  5904.1150121  5906.09972351]]